id,player_id,hole_number,strokes,updated_at,tournament_id,is_provisional,counts_as,notes,ball_no,entered_by,rule_ball_played,rule_ball_note,rule_ball,rule_ball_alt_strokes,rule_ball_status,rule_ball_counts,round_number,registration_id
37fb94c0-67cf-42d8-8463-38afc3d1cf0b,07cfbc31-606f-4838-ba17-578e0720215d,6,4,2026-03-30T13:38:52.653835+00:00,7716349a-8bb0-46c6-b60c-3594eb7ea60f,false,,,1,07cfbc31-606f-4838-ba17-578e0720215d,false,,false,,,,1,07cfbc31-606f-4838-ba17-578e0720215d
5b2c3f9d-11a7-49bf-8d66-b9c930f95c96,07cfbc31-606f-4838-ba17-578e0720215d,13,4,2026-03-30T13:38:52.653835+00:00,7716349a-8bb0-46c6-b60c-3594eb7ea60f,false,,,1,07cfbc31-606f-4838-ba17-578e0720215d,false,,false,,,,1,
038ee03a-18ec-4b90-84ee-595e7ba4073b,21380286-b867-4919-83b5-08eaac386dfe,1,6,2026-03-30T10:17:59.594132+00:00,7716349a-8bb0-46c6-b60c-3594eb7ea60f,false,,,1,885a2ebf-a33e-44a1-a5dd-ef1922c7778b,false,,false,,,,1,21380286-b867-4919-83b5-08eaac386dfe
7f4765d5-50bb-4ee1-83a7-ab19e63f9bbb,07cfbc31-606f-4838-ba17-578e0720215d,14,6,2026-03-30T13:38:52.653835+00:00,7716349a-8bb0-46c6-b60c-3594eb7ea60f,false,,,1,07cfbc31-606f-4838-ba17-578e0720215d,false,,false,,,,1,
b2fbb3c0-6c4e-4109-92ad-f2907e61d905,3b88eb10-8515-40d0-8108-a94529c534cd,1,4,2026-03-30T13:41:31.214768+00:00,7716349a-8bb0-46c6-b60c-3594eb7ea60f,false,,,1,3b88eb10-8515-40d0-8108-a94529c534cd,false,,false,,,,1,3b88eb10-8515-40d0-8108-a94529c534cd
773ec038-19f7-4a05-8580-d3f0319e27a2,117030b2-c7c3-4bab-ac1d-2b3b81b2b9d1,1,6,2026-03-30T13:42:21.841183+00:00,7716349a-8bb0-46c6-b60c-3594eb7ea60f,false,,,1,117030b2-c7c3-4bab-ac1d-2b3b81b2b9d1,false,,false,,,,1,117030b2-c7c3-4bab-ac1d-2b3b81b2b9d1
3b720dfd-8488-4b66-8b21-7f67a0c57f18,117030b2-c7c3-4bab-ac1d-2b3b81b2b9d1,2,4,2026-03-30T13:42:21.841183+00:00,7716349a-8bb0-46c6-b60c-3594eb7ea60f,false,,,1,b0f8374f-c18d-481e-852b-dfa6aa011ac8,false,,false,,,,1,117030b2-c7c3-4bab-ac1d-2b3b81b2b9d1
6efb4eea-f9e6-4f59-8e73-ee7a5b32672d,6edb8092-3291-45fa-8651-a88b460512ad,1,5,2026-03-30T13:43:17.914795+00:00,7716349a-8bb0-46c6-b60c-3594eb7ea60f,false,,,1,6edb8092-3291-45fa-8651-a88b460512ad,false,,false,,,,1,6edb8092-3291-45fa-8651-a88b460512ad
0cf3f6af-8e6d-4b71-a337-dd23f6ac5353,6edb8092-3291-45fa-8651-a88b460512ad,2,5,2026-03-30T13:43:17.914795+00:00,7716349a-8bb0-46c6-b60c-3594eb7ea60f,false,,,1,117030b2-c7c3-4bab-ac1d-2b3b81b2b9d1,false,,false,,,,1,6edb8092-3291-45fa-8651-a88b460512ad
ab4ea126-a4e3-4a95-b68c-6b7fa2ed0abb,b0f8374f-c18d-481e-852b-dfa6aa011ac8,1,6,2026-03-30T13:44:11.968304+00:00,7716349a-8bb0-46c6-b60c-3594eb7ea60f,false,,,1,6edb8092-3291-45fa-8651-a88b460512ad,false,,false,,,,1,b0f8374f-c18d-481e-852b-dfa6aa011ac8
4c419939-4856-41f6-807e-7f85e0acaf14,b0f8374f-c18d-481e-852b-dfa6aa011ac8,2,4,2026-03-30T13:44:11.968304+00:00,7716349a-8bb0-46c6-b60c-3594eb7ea60f,false,,,1,b0f8374f-c18d-481e-852b-dfa6aa011ac8,false,,false,,,,1,b0f8374f-c18d-481e-852b-dfa6aa011ac8
0b8334e5-2cb8-43d2-87c9-16ef6b3308ae,19b44c8b-f73c-464f-a197-236cf91f225b,1,5,2026-03-30T13:45:57.834424+00:00,7716349a-8bb0-46c6-b60c-3594eb7ea60f,false,,,1,19b44c8b-f73c-464f-a197-236cf91f225b,false,,false,,,,1,19b44c8b-f73c-464f-a197-236cf91f225b
0459a9dd-b62f-4a23-94a3-21b00cf09261,19b44c8b-f73c-464f-a197-236cf91f225b,2,4,2026-03-30T13:45:57.834424+00:00,7716349a-8bb0-46c6-b60c-3594eb7ea60f,false,,,1,4d134271-956f-42fd-95ea-0a6b725123e6,false,,false,,,,1,19b44c8b-f73c-464f-a197-236cf91f225b
750e0e18-7d63-44dd-8b44-a96e3dbec7eb,c0fb8d2a-417b-4d68-918c-fc6d0b9b032c,1,6,2026-03-30T13:47:12.678419+00:00,7716349a-8bb0-46c6-b60c-3594eb7ea60f,false,,,1,5d110f0c-2f85-4f21-bfea-d8a96880f0f4,false,,false,,,,1,c0fb8d2a-417b-4d68-918c-fc6d0b9b032c
cff659ab-b73c-441b-be40-f963b722b149,c0fb8d2a-417b-4d68-918c-fc6d0b9b032c,2,6,2026-03-30T13:47:12.678419+00:00,7716349a-8bb0-46c6-b60c-3594eb7ea60f,false,,,1,5d110f0c-2f85-4f21-bfea-d8a96880f0f4,false,,false,,,,1,c0fb8d2a-417b-4d68-918c-fc6d0b9b032c
4f02ca6d-53fa-41d7-a785-47a5fdf71fbc,885a2ebf-a33e-44a1-a5dd-ef1922c7778b,1,6,2026-03-30T12:55:36.745786+00:00,7716349a-8bb0-46c6-b60c-3594eb7ea60f,false,,,1,885a2ebf-a33e-44a1-a5dd-ef1922c7778b,false,,false,,,,1,885a2ebf-a33e-44a1-a5dd-ef1922c7778b
99a8eb0f-1663-4b39-99ff-f5404965670e,639dca59-1a8d-409a-82c6-584dbb5f34e9,1,5,2026-03-30T13:27:47.779488+00:00,7716349a-8bb0-46c6-b60c-3594eb7ea60f,false,,,1,fdd25cd4-90fe-4002-b08b-95ff807080ba,false,,false,,,,1,639dca59-1a8d-409a-82c6-584dbb5f34e9
5d0d687c-157c-4925-97c9-885acb5aa14e,639dca59-1a8d-409a-82c6-584dbb5f34e9,2,4,2026-03-30T13:27:47.779488+00:00,7716349a-8bb0-46c6-b60c-3594eb7ea60f,false,,,1,fdd25cd4-90fe-4002-b08b-95ff807080ba,false,,false,,,,1,639dca59-1a8d-409a-82c6-584dbb5f34e9
40abe0ba-d129-4672-92b8-ed60b6aedcca,d3d57160-318c-4c35-bb5c-de5a5f07d0e7,1,7,2026-03-30T13:31:35.896064+00:00,7716349a-8bb0-46c6-b60c-3594eb7ea60f,false,,,1,e0adbbeb-e7b5-42d4-9ba3-1d70c15bc9f5,false,,false,,,,1,d3d57160-318c-4c35-bb5c-de5a5f07d0e7
cdc9ed54-c66f-4397-8d7f-d9b817f5dc74,098132e4-eb31-43dd-b487-8f6aea7501e6,1,6,2026-03-30T13:32:18.77522+00:00,7716349a-8bb0-46c6-b60c-3594eb7ea60f,false,,,1,098132e4-eb31-43dd-b487-8f6aea7501e6,false,,false,,,,1,098132e4-eb31-43dd-b487-8f6aea7501e6
2fd79281-b5d2-44c5-b369-9abedbab7478,e0adbbeb-e7b5-42d4-9ba3-1d70c15bc9f5,1,5,2026-03-30T13:32:43.240922+00:00,7716349a-8bb0-46c6-b60c-3594eb7ea60f,false,,,1,e0adbbeb-e7b5-42d4-9ba3-1d70c15bc9f5,false,,false,,,,1,e0adbbeb-e7b5-42d4-9ba3-1d70c15bc9f5
35707132-72fb-4ad0-88b7-d86fa5d0cd09,2cc9e7cd-f36e-4f27-ac2e-6959eecef670,1,9,2026-03-30T13:34:03.303623+00:00,7716349a-8bb0-46c6-b60c-3594eb7ea60f,false,,,1,2cc9e7cd-f36e-4f27-ac2e-6959eecef670,false,,false,,,,1,2cc9e7cd-f36e-4f27-ac2e-6959eecef670
fb380993-4813-498e-a9da-6fa3b6a9e775,707a8d7f-48c8-4aa2-ba77-a822a334b283,1,6,2026-03-30T13:48:25.856588+00:00,7716349a-8bb0-46c6-b60c-3594eb7ea60f,false,,,1,19b44c8b-f73c-464f-a197-236cf91f225b,false,,false,,,,1,707a8d7f-48c8-4aa2-ba77-a822a334b283
9f3098e5-ba89-4b09-9004-f9f5f6de7a19,db214db6-5b8c-432b-a14b-322a17f0f720,1,7,2026-03-30T13:34:39.532485+00:00,7716349a-8bb0-46c6-b60c-3594eb7ea60f,false,,,1,2cc9e7cd-f36e-4f27-ac2e-6959eecef670,false,,false,,,,1,db214db6-5b8c-432b-a14b-322a17f0f720
d7184801-ecbb-4f19-9f96-1fe0b222bfcb,7c4671ff-76ee-4a70-b912-6aa7354774ee,1,5,2026-03-30T13:36:46.652203+00:00,7716349a-8bb0-46c6-b60c-3594eb7ea60f,false,,,1,7c4671ff-76ee-4a70-b912-6aa7354774ee,false,,false,,,,1,7c4671ff-76ee-4a70-b912-6aa7354774ee
177cb021-97cd-4e62-b1f9-0fa59415a445,47b6392b-6476-4a2b-897e-2347b126ab86,1,5,2026-03-30T13:37:43.100691+00:00,7716349a-8bb0-46c6-b60c-3594eb7ea60f,false,,,1,47b6392b-6476-4a2b-897e-2347b126ab86,false,,false,,,,1,47b6392b-6476-4a2b-897e-2347b126ab86
344e4e14-8779-42ca-9cbd-ffd540e9635c,47b6392b-6476-4a2b-897e-2347b126ab86,2,4,2026-03-30T13:37:43.100691+00:00,7716349a-8bb0-46c6-b60c-3594eb7ea60f,false,,,1,7c4671ff-76ee-4a70-b912-6aa7354774ee,false,,false,,,,1,47b6392b-6476-4a2b-897e-2347b126ab86
22313b3b-9976-473b-8827-3d571ab187e9,707a8d7f-48c8-4aa2-ba77-a822a334b283,2,5,2026-03-30T13:48:25.856588+00:00,7716349a-8bb0-46c6-b60c-3594eb7ea60f,false,,,1,707a8d7f-48c8-4aa2-ba77-a822a334b283,false,,false,,,,1,707a8d7f-48c8-4aa2-ba77-a822a334b283
9d3bbdc3-d93f-4c5c-a63c-cbd863ab909b,4d134271-956f-42fd-95ea-0a6b725123e6,1,6,2026-03-30T13:49:09.297106+00:00,7716349a-8bb0-46c6-b60c-3594eb7ea60f,false,,,1,4d134271-956f-42fd-95ea-0a6b725123e6,false,,false,,,,1,4d134271-956f-42fd-95ea-0a6b725123e6
8f375e2c-2550-41af-a89a-8ccfe677a124,4d134271-956f-42fd-95ea-0a6b725123e6,2,6,2026-03-30T13:49:09.297106+00:00,7716349a-8bb0-46c6-b60c-3594eb7ea60f,false,,,1,4d134271-956f-42fd-95ea-0a6b725123e6,false,,false,,,,1,4d134271-956f-42fd-95ea-0a6b725123e6
b2b76d17-f663-4ea6-b3b9-9a52e2728084,5d110f0c-2f85-4f21-bfea-d8a96880f0f4,1,5,2026-03-30T13:50:15.54931+00:00,7716349a-8bb0-46c6-b60c-3594eb7ea60f,false,,,1,5d110f0c-2f85-4f21-bfea-d8a96880f0f4,false,,false,,,,1,5d110f0c-2f85-4f21-bfea-d8a96880f0f4
14e343f7-5e52-4dcf-a347-0a37c352920f,ce23d191-feba-4728-82f1-dc3429b95532,1,6,2026-03-30T14:19:06.489167+00:00,7716349a-8bb0-46c6-b60c-3594eb7ea60f,false,,,1,9dcefb0b-f81d-400a-90bc-514b64341425,false,,false,,,,1,ce23d191-feba-4728-82f1-dc3429b95532
b7d5dada-9acf-4002-b0e9-fdc26582d529,ce23d191-feba-4728-82f1-dc3429b95532,2,4,2026-03-30T14:19:06.489167+00:00,7716349a-8bb0-46c6-b60c-3594eb7ea60f,false,,,1,9dcefb0b-f81d-400a-90bc-514b64341425,false,,false,,,,1,ce23d191-feba-4728-82f1-dc3429b95532
69208fcd-95b0-4b5c-9de1-0a2b14a064b0,9dcefb0b-f81d-400a-90bc-514b64341425,1,5,2026-03-30T14:19:52.846675+00:00,7716349a-8bb0-46c6-b60c-3594eb7ea60f,false,,,1,9dcefb0b-f81d-400a-90bc-514b64341425,false,,false,,,,1,9dcefb0b-f81d-400a-90bc-514b64341425
e4ce82c3-d9ba-44b0-a508-85b97d019706,9dcefb0b-f81d-400a-90bc-514b64341425,2,5,2026-03-30T14:19:52.846675+00:00,7716349a-8bb0-46c6-b60c-3594eb7ea60f,false,,,1,9dcefb0b-f81d-400a-90bc-514b64341425,false,,false,,,,1,9dcefb0b-f81d-400a-90bc-514b64341425
811c794c-12f9-42ed-8bd9-82bdc3154c19,e5564605-a162-4973-b880-2fa2245b8a54,1,7,2026-03-30T14:20:54.103514+00:00,7716349a-8bb0-46c6-b60c-3594eb7ea60f,false,,,1,e5564605-a162-4973-b880-2fa2245b8a54,false,,false,,,,1,e5564605-a162-4973-b880-2fa2245b8a54
d5b555ba-fc6a-46dc-8141-b0c4cdab9612,f88170d0-1f22-42fc-b06f-f43ce3d2c8ff,1,6,2026-03-30T14:36:18.903148+00:00,7716349a-8bb0-46c6-b60c-3594eb7ea60f,false,,,1,0a22a191-8264-4398-8468-2e96074d3366,false,,false,,,,1,f88170d0-1f22-42fc-b06f-f43ce3d2c8ff
fb73f4f6-878d-4ef8-a86d-37435b28336b,0a22a191-8264-4398-8468-2e96074d3366,1,5,2026-03-30T14:38:54.901959+00:00,7716349a-8bb0-46c6-b60c-3594eb7ea60f,false,,,1,0a22a191-8264-4398-8468-2e96074d3366,false,,false,,,,1,0a22a191-8264-4398-8468-2e96074d3366
99a3ec1d-8688-4cdc-821e-19b5facc05e7,0a22a191-8264-4398-8468-2e96074d3366,2,5,2026-03-30T14:38:54.901959+00:00,7716349a-8bb0-46c6-b60c-3594eb7ea60f,false,,,1,0a22a191-8264-4398-8468-2e96074d3366,false,,false,,,,1,0a22a191-8264-4398-8468-2e96074d3366
a46bc549-8cf8-4cfc-b52d-4f472f5ddece,2e22731c-34b3-4726-937a-18e90d4213a7,1,6,2026-03-30T14:41:18.103207+00:00,7716349a-8bb0-46c6-b60c-3594eb7ea60f,false,,,1,7cb8f5cb-1d66-4a8b-a52e-3c0ab48ff137,false,,false,,,,1,2e22731c-34b3-4726-937a-18e90d4213a7
0ecd263f-bca3-495f-916f-259ae51d67dd,2e22731c-34b3-4726-937a-18e90d4213a7,2,4,2026-03-30T14:41:18.103207+00:00,7716349a-8bb0-46c6-b60c-3594eb7ea60f,false,,,1,7cb8f5cb-1d66-4a8b-a52e-3c0ab48ff137,false,,false,,,,1,2e22731c-34b3-4726-937a-18e90d4213a7
b366c92a-a246-4aac-a757-8a51bb52759f,9d71aa32-e0cc-4394-b494-f2cca4e7d382,1,8,2026-03-30T14:42:47.173181+00:00,7716349a-8bb0-46c6-b60c-3594eb7ea60f,false,,,1,9d71aa32-e0cc-4394-b494-f2cca4e7d382,false,,false,,,,1,9d71aa32-e0cc-4394-b494-f2cca4e7d382
f3233ff7-c3c0-4e87-a89a-7cb01335ad0c,9d71aa32-e0cc-4394-b494-f2cca4e7d382,2,5,2026-03-30T14:42:47.173181+00:00,7716349a-8bb0-46c6-b60c-3594eb7ea60f,false,,,1,2e22731c-34b3-4726-937a-18e90d4213a7,false,,false,,,,1,9d71aa32-e0cc-4394-b494-f2cca4e7d382
fef64e70-7617-40c1-a587-7fa4d442aae8,7cb8f5cb-1d66-4a8b-a52e-3c0ab48ff137,1,7,2026-03-30T14:44:03.173753+00:00,7716349a-8bb0-46c6-b60c-3594eb7ea60f,false,,,1,9d71aa32-e0cc-4394-b494-f2cca4e7d382,false,,false,,,,1,7cb8f5cb-1d66-4a8b-a52e-3c0ab48ff137
f7ff58f5-4d2e-44ae-beeb-511f67cb016d,7cb8f5cb-1d66-4a8b-a52e-3c0ab48ff137,2,7,2026-03-30T14:44:03.173753+00:00,7716349a-8bb0-46c6-b60c-3594eb7ea60f,false,,,1,7cb8f5cb-1d66-4a8b-a52e-3c0ab48ff137,false,,false,,,,1,7cb8f5cb-1d66-4a8b-a52e-3c0ab48ff137
47227dc0-646c-426b-b819-11b398a45cb6,78fb4ed0-ba6c-4b98-a34b-bb8fa7f01091,1,6,2026-03-30T14:53:37.590273+00:00,7716349a-8bb0-46c6-b60c-3594eb7ea60f,false,,,1,78fb4ed0-ba6c-4b98-a34b-bb8fa7f01091,false,,false,,,,1,78fb4ed0-ba6c-4b98-a34b-bb8fa7f01091
e7a5a5f9-7895-489f-adbe-7e65e68ebff8,ee5ab7c6-0546-4277-8d04-5e6b48ea52a3,1,6,2026-03-30T14:54:31.140514+00:00,7716349a-8bb0-46c6-b60c-3594eb7ea60f,false,,,1,78fb4ed0-ba6c-4b98-a34b-bb8fa7f01091,false,,false,,,,1,ee5ab7c6-0546-4277-8d04-5e6b48ea52a3
a1c6c2b9-493e-4588-9dcd-49791e91820f,44447724-0d2c-4601-b0c6-e53714d03f63,1,8,2026-03-30T14:56:17.668945+00:00,7716349a-8bb0-46c6-b60c-3594eb7ea60f,false,,,1,44447724-0d2c-4601-b0c6-e53714d03f63,false,,false,,,,1,44447724-0d2c-4601-b0c6-e53714d03f63
240afd9f-a12e-43cf-a3c8-0e3c656499f4,bd565cdc-2b20-4ee1-8358-1c3f10ec8acf,1,6,2026-03-30T14:57:31.875058+00:00,7716349a-8bb0-46c6-b60c-3594eb7ea60f,false,,,1,44447724-0d2c-4601-b0c6-e53714d03f63,false,,false,,,,1,bd565cdc-2b20-4ee1-8358-1c3f10ec8acf
43f96ea3-9d6f-481a-889b-4b630c16b9c5,fdd25cd4-90fe-4002-b08b-95ff807080ba,1,7,2026-03-30T15:02:30.241205+00:00,7716349a-8bb0-46c6-b60c-3594eb7ea60f,false,,,1,fdd25cd4-90fe-4002-b08b-95ff807080ba,false,,false,,,,1,fdd25cd4-90fe-4002-b08b-95ff807080ba
931da720-0d26-416f-901b-0afd54d71047,c9c44f56-2b25-4444-be7a-60dcb33140b2,1,4,2026-03-30T15:10:55.278222+00:00,7716349a-8bb0-46c6-b60c-3594eb7ea60f,false,,,1,f88170d0-1f22-42fc-b06f-f43ce3d2c8ff,false,,false,,,,1,c9c44f56-2b25-4444-be7a-60dcb33140b2
9470603c-6430-4be9-b4b8-19d49217be2a,c9c44f56-2b25-4444-be7a-60dcb33140b2,2,8,2026-03-30T15:10:55.278222+00:00,7716349a-8bb0-46c6-b60c-3594eb7ea60f,false,,,1,f88170d0-1f22-42fc-b06f-f43ce3d2c8ff,false,,false,,,,1,c9c44f56-2b25-4444-be7a-60dcb33140b2
6da454be-9b5f-482b-a896-24bdf70d505c,07cfbc31-606f-4838-ba17-578e0720215d,4,3,2026-03-30T13:38:52.653835+00:00,7716349a-8bb0-46c6-b60c-3594eb7ea60f,false,,,1,e1cc61b9-4c31-4d8e-8bee-b567ce5cca28,false,,false,,,,1,07cfbc31-606f-4838-ba17-578e0720215d
ac6ac4c2-974b-40a6-9d12-462ad50b17e5,07cfbc31-606f-4838-ba17-578e0720215d,5,3,2026-03-30T13:38:52.653835+00:00,7716349a-8bb0-46c6-b60c-3594eb7ea60f,false,,,1,e1cc61b9-4c31-4d8e-8bee-b567ce5cca28,false,,false,,,,1,07cfbc31-606f-4838-ba17-578e0720215d
e90d6fab-1911-463b-b4bb-8b738c421985,07cfbc31-606f-4838-ba17-578e0720215d,15,4,2026-03-30T13:38:52.653835+00:00,7716349a-8bb0-46c6-b60c-3594eb7ea60f,false,,,1,07cfbc31-606f-4838-ba17-578e0720215d,false,,false,,,,1,
3a65ac0b-110d-4553-a550-b9957d930d84,e1cc61b9-4c31-4d8e-8bee-b567ce5cca28,2,3,2026-03-30T13:40:37.758989+00:00,7716349a-8bb0-46c6-b60c-3594eb7ea60f,false,,,1,3b88eb10-8515-40d0-8108-a94529c534cd,false,,false,,,,1,e1cc61b9-4c31-4d8e-8bee-b567ce5cca28
3992a8cc-6b28-49fe-a18a-5b25740f3c80,e1cc61b9-4c31-4d8e-8bee-b567ce5cca28,3,4,2026-03-30T13:40:37.758989+00:00,7716349a-8bb0-46c6-b60c-3594eb7ea60f,false,,,1,3b88eb10-8515-40d0-8108-a94529c534cd,false,,false,,,,1,e1cc61b9-4c31-4d8e-8bee-b567ce5cca28
017f5fc1-8f52-49e6-997b-abff33e310bd,e1cc61b9-4c31-4d8e-8bee-b567ce5cca28,4,4,2026-03-30T13:40:37.758989+00:00,7716349a-8bb0-46c6-b60c-3594eb7ea60f,false,,,1,e1cc61b9-4c31-4d8e-8bee-b567ce5cca28,false,,false,,,,1,e1cc61b9-4c31-4d8e-8bee-b567ce5cca28
9be7597a-2d4b-4248-98d0-36d73cab3356,3b88eb10-8515-40d0-8108-a94529c534cd,3,3,2026-03-30T13:41:31.214768+00:00,7716349a-8bb0-46c6-b60c-3594eb7ea60f,false,,,1,3b88eb10-8515-40d0-8108-a94529c534cd,false,,false,,,,1,3b88eb10-8515-40d0-8108-a94529c534cd
c5921248-a64a-4896-b40a-c3177c6be51f,3b88eb10-8515-40d0-8108-a94529c534cd,4,4,2026-03-30T13:41:31.214768+00:00,7716349a-8bb0-46c6-b60c-3594eb7ea60f,false,,,1,3b88eb10-8515-40d0-8108-a94529c534cd,false,,false,,,,1,3b88eb10-8515-40d0-8108-a94529c534cd
55e13f25-6b6b-4166-9997-df9d1708484b,117030b2-c7c3-4bab-ac1d-2b3b81b2b9d1,3,5,2026-03-30T13:42:21.841183+00:00,7716349a-8bb0-46c6-b60c-3594eb7ea60f,false,,,1,b0f8374f-c18d-481e-852b-dfa6aa011ac8,false,,false,,,,1,117030b2-c7c3-4bab-ac1d-2b3b81b2b9d1
104f434a-6cad-4940-b862-9d6df1cfee68,6edb8092-3291-45fa-8651-a88b460512ad,3,3,2026-03-30T13:43:17.914795+00:00,7716349a-8bb0-46c6-b60c-3594eb7ea60f,false,,,1,6edb8092-3291-45fa-8651-a88b460512ad,false,,false,,,,1,6edb8092-3291-45fa-8651-a88b460512ad
f835cc96-c9ce-4651-8354-444201687d48,639dca59-1a8d-409a-82c6-584dbb5f34e9,3,3,2026-03-30T13:27:47.779488+00:00,7716349a-8bb0-46c6-b60c-3594eb7ea60f,false,,,1,fdd25cd4-90fe-4002-b08b-95ff807080ba,false,,false,,,,1,639dca59-1a8d-409a-82c6-584dbb5f34e9
c894ff03-360e-4d73-9c84-34d07c846894,7c4671ff-76ee-4a70-b912-6aa7354774ee,3,8,2026-03-30T13:36:46.652203+00:00,7716349a-8bb0-46c6-b60c-3594eb7ea60f,false,,,1,7c4671ff-76ee-4a70-b912-6aa7354774ee,false,,false,,,,1,7c4671ff-76ee-4a70-b912-6aa7354774ee
c58c771d-03c3-4291-90a2-fb27514b7383,7c4671ff-76ee-4a70-b912-6aa7354774ee,4,3,2026-03-30T13:36:46.652203+00:00,7716349a-8bb0-46c6-b60c-3594eb7ea60f,false,,,1,7c4671ff-76ee-4a70-b912-6aa7354774ee,false,,false,,,,1,7c4671ff-76ee-4a70-b912-6aa7354774ee
315aa7ff-bb48-4e06-8424-64c4e08aaaf8,7c4671ff-76ee-4a70-b912-6aa7354774ee,5,4,2026-03-30T13:36:46.652203+00:00,7716349a-8bb0-46c6-b60c-3594eb7ea60f,false,,,1,7c4671ff-76ee-4a70-b912-6aa7354774ee,false,,false,,,,1,7c4671ff-76ee-4a70-b912-6aa7354774ee
c1a87394-b76b-44a2-b456-5d19f953f3b0,47b6392b-6476-4a2b-897e-2347b126ab86,3,4,2026-03-30T13:37:43.100691+00:00,7716349a-8bb0-46c6-b60c-3594eb7ea60f,false,,,1,47b6392b-6476-4a2b-897e-2347b126ab86,false,,false,,,,1,47b6392b-6476-4a2b-897e-2347b126ab86
1f39ab93-b3f7-4449-be8f-a1ac90d5a909,47b6392b-6476-4a2b-897e-2347b126ab86,4,4,2026-03-30T13:37:43.100691+00:00,7716349a-8bb0-46c6-b60c-3594eb7ea60f,false,,,1,7c4671ff-76ee-4a70-b912-6aa7354774ee,false,,false,,,,1,47b6392b-6476-4a2b-897e-2347b126ab86
0f107d7c-af98-4789-88fa-0b3cfd6923b3,47b6392b-6476-4a2b-897e-2347b126ab86,5,3,2026-03-30T13:37:43.100691+00:00,7716349a-8bb0-46c6-b60c-3594eb7ea60f,false,,,1,47b6392b-6476-4a2b-897e-2347b126ab86,false,,false,,,,1,47b6392b-6476-4a2b-897e-2347b126ab86
fa5e110c-749f-4ad7-892b-392ba4066c51,b0f8374f-c18d-481e-852b-dfa6aa011ac8,3,4,2026-03-30T13:44:11.968304+00:00,7716349a-8bb0-46c6-b60c-3594eb7ea60f,false,,,1,6edb8092-3291-45fa-8651-a88b460512ad,false,,false,,,,1,b0f8374f-c18d-481e-852b-dfa6aa011ac8
586df85b-24ee-4d66-8501-6c0599089f3d,19b44c8b-f73c-464f-a197-236cf91f225b,3,4,2026-03-30T13:45:57.834424+00:00,7716349a-8bb0-46c6-b60c-3594eb7ea60f,false,,,1,4d134271-956f-42fd-95ea-0a6b725123e6,false,,false,,,,1,19b44c8b-f73c-464f-a197-236cf91f225b
304c74be-1139-495e-a071-1253bed5792b,19b44c8b-f73c-464f-a197-236cf91f225b,4,3,2026-03-30T13:45:57.834424+00:00,7716349a-8bb0-46c6-b60c-3594eb7ea60f,false,,,1,4d134271-956f-42fd-95ea-0a6b725123e6,false,,false,,,,1,19b44c8b-f73c-464f-a197-236cf91f225b
618683a4-0f25-4bb5-986f-93a80f11fdbf,19b44c8b-f73c-464f-a197-236cf91f225b,5,3,2026-03-30T13:45:57.834424+00:00,7716349a-8bb0-46c6-b60c-3594eb7ea60f,false,,,1,19b44c8b-f73c-464f-a197-236cf91f225b,false,,false,,,,1,19b44c8b-f73c-464f-a197-236cf91f225b
3e3c4734-4177-4b31-8cff-0ac559a60da8,c0fb8d2a-417b-4d68-918c-fc6d0b9b032c,3,3,2026-03-30T13:47:12.678419+00:00,7716349a-8bb0-46c6-b60c-3594eb7ea60f,false,,,1,5d110f0c-2f85-4f21-bfea-d8a96880f0f4,false,,false,,,,1,c0fb8d2a-417b-4d68-918c-fc6d0b9b032c
b133de4a-f59f-4215-be38-dee897b874d4,c0fb8d2a-417b-4d68-918c-fc6d0b9b032c,4,3,2026-03-30T13:47:12.678419+00:00,7716349a-8bb0-46c6-b60c-3594eb7ea60f,false,,,1,c0fb8d2a-417b-4d68-918c-fc6d0b9b032c,false,,false,,,,1,c0fb8d2a-417b-4d68-918c-fc6d0b9b032c
61c45fae-2c62-4a43-8cbd-6c0c64ff6dc4,c0fb8d2a-417b-4d68-918c-fc6d0b9b032c,5,5,2026-03-30T13:47:12.678419+00:00,7716349a-8bb0-46c6-b60c-3594eb7ea60f,false,,,1,c0fb8d2a-417b-4d68-918c-fc6d0b9b032c,false,,false,,,,1,c0fb8d2a-417b-4d68-918c-fc6d0b9b032c
0b4afbf1-2a23-4905-a183-05567f4ea219,707a8d7f-48c8-4aa2-ba77-a822a334b283,3,5,2026-03-30T13:48:25.856588+00:00,7716349a-8bb0-46c6-b60c-3594eb7ea60f,false,,,1,707a8d7f-48c8-4aa2-ba77-a822a334b283,false,,false,,,,1,707a8d7f-48c8-4aa2-ba77-a822a334b283
8b9047b7-a5f8-4e55-b53d-ce5975044b4d,707a8d7f-48c8-4aa2-ba77-a822a334b283,4,4,2026-03-30T13:48:25.856588+00:00,7716349a-8bb0-46c6-b60c-3594eb7ea60f,false,,,1,707a8d7f-48c8-4aa2-ba77-a822a334b283,false,,false,,,,1,707a8d7f-48c8-4aa2-ba77-a822a334b283
fcffc10f-4c28-4071-b4fe-bcadf3d58589,707a8d7f-48c8-4aa2-ba77-a822a334b283,5,3,2026-03-30T13:48:25.856588+00:00,7716349a-8bb0-46c6-b60c-3594eb7ea60f,false,,,1,707a8d7f-48c8-4aa2-ba77-a822a334b283,false,,false,,,,1,707a8d7f-48c8-4aa2-ba77-a822a334b283
005b112f-baa5-46f1-a3bb-40bfad2838ea,4d134271-956f-42fd-95ea-0a6b725123e6,3,7,2026-03-30T13:49:09.297106+00:00,7716349a-8bb0-46c6-b60c-3594eb7ea60f,false,,,1,4d134271-956f-42fd-95ea-0a6b725123e6,false,,false,,,,1,4d134271-956f-42fd-95ea-0a6b725123e6
ecebb82c-cf2a-4898-9078-e9cc33bb6520,4d134271-956f-42fd-95ea-0a6b725123e6,4,3,2026-03-30T13:49:09.297106+00:00,7716349a-8bb0-46c6-b60c-3594eb7ea60f,false,,,1,4d134271-956f-42fd-95ea-0a6b725123e6,false,,false,,,,1,4d134271-956f-42fd-95ea-0a6b725123e6
b49921c9-c737-4851-801d-d5ffd69f724b,4d134271-956f-42fd-95ea-0a6b725123e6,5,4,2026-03-30T13:49:09.297106+00:00,7716349a-8bb0-46c6-b60c-3594eb7ea60f,false,,,1,707a8d7f-48c8-4aa2-ba77-a822a334b283,false,,false,,,,1,4d134271-956f-42fd-95ea-0a6b725123e6
844f27f9-f605-4c25-8e8a-46a413780c1c,5d110f0c-2f85-4f21-bfea-d8a96880f0f4,3,4,2026-03-30T13:50:15.54931+00:00,7716349a-8bb0-46c6-b60c-3594eb7ea60f,false,,,1,5d110f0c-2f85-4f21-bfea-d8a96880f0f4,false,,false,,,,1,5d110f0c-2f85-4f21-bfea-d8a96880f0f4
8442574e-b219-4f9d-8ce8-4c3d544becf8,5d110f0c-2f85-4f21-bfea-d8a96880f0f4,4,2,2026-03-30T13:50:15.54931+00:00,7716349a-8bb0-46c6-b60c-3594eb7ea60f,false,,,1,c0fb8d2a-417b-4d68-918c-fc6d0b9b032c,false,,false,,,,1,5d110f0c-2f85-4f21-bfea-d8a96880f0f4
c567ab4d-f33f-442f-8c59-4f741fadcfe9,5d110f0c-2f85-4f21-bfea-d8a96880f0f4,5,4,2026-03-30T13:50:15.54931+00:00,7716349a-8bb0-46c6-b60c-3594eb7ea60f,false,,,1,c0fb8d2a-417b-4d68-918c-fc6d0b9b032c,false,,false,,,,1,5d110f0c-2f85-4f21-bfea-d8a96880f0f4
97627eb2-32f1-44d1-a0dc-776c026f1eed,ce23d191-feba-4728-82f1-dc3429b95532,3,4,2026-03-30T14:19:06.489167+00:00,7716349a-8bb0-46c6-b60c-3594eb7ea60f,false,,,1,9dcefb0b-f81d-400a-90bc-514b64341425,false,,false,,,,1,ce23d191-feba-4728-82f1-dc3429b95532
ec8db214-1fd8-4596-b29b-af76e41ab243,ce23d191-feba-4728-82f1-dc3429b95532,4,3,2026-03-30T14:19:06.489167+00:00,7716349a-8bb0-46c6-b60c-3594eb7ea60f,false,,,1,ce23d191-feba-4728-82f1-dc3429b95532,false,,false,,,,1,ce23d191-feba-4728-82f1-dc3429b95532
964c306c-e336-4397-8833-53736d48ba15,9dcefb0b-f81d-400a-90bc-514b64341425,3,5,2026-03-30T14:19:52.846675+00:00,7716349a-8bb0-46c6-b60c-3594eb7ea60f,false,,,1,e5564605-a162-4973-b880-2fa2245b8a54,false,,false,,,,1,9dcefb0b-f81d-400a-90bc-514b64341425
e6d5ae67-e157-40bb-94a0-19af6e88d5ba,9dcefb0b-f81d-400a-90bc-514b64341425,4,4,2026-03-30T14:19:52.846675+00:00,7716349a-8bb0-46c6-b60c-3594eb7ea60f,false,,,1,e5564605-a162-4973-b880-2fa2245b8a54,false,,false,,,,1,9dcefb0b-f81d-400a-90bc-514b64341425
df46e566-a4fb-4120-b689-7caa2e47d99d,e5564605-a162-4973-b880-2fa2245b8a54,2,6,2026-03-30T14:20:54.103514+00:00,7716349a-8bb0-46c6-b60c-3594eb7ea60f,false,,,1,e5564605-a162-4973-b880-2fa2245b8a54,false,,false,,,,1,e5564605-a162-4973-b880-2fa2245b8a54
c98b9b58-724c-4c1e-86ae-23bb2c25da73,e5564605-a162-4973-b880-2fa2245b8a54,3,6,2026-03-30T14:20:54.103514+00:00,7716349a-8bb0-46c6-b60c-3594eb7ea60f,false,,,1,e5564605-a162-4973-b880-2fa2245b8a54,false,,false,,,,1,e5564605-a162-4973-b880-2fa2245b8a54
75246ed5-e3e1-46ce-952c-a1debfb83933,e5564605-a162-4973-b880-2fa2245b8a54,4,3,2026-03-30T14:20:54.103514+00:00,7716349a-8bb0-46c6-b60c-3594eb7ea60f,false,,,1,e5564605-a162-4973-b880-2fa2245b8a54,false,,false,,,,1,e5564605-a162-4973-b880-2fa2245b8a54
32ee5a95-4740-45b9-a087-12e2b51abe42,f88170d0-1f22-42fc-b06f-f43ce3d2c8ff,2,4,2026-03-30T14:36:18.903148+00:00,7716349a-8bb0-46c6-b60c-3594eb7ea60f,false,,,1,0a22a191-8264-4398-8468-2e96074d3366,false,,false,,,,1,f88170d0-1f22-42fc-b06f-f43ce3d2c8ff
d03d2514-21b4-47ee-901a-23d70deffd70,f88170d0-1f22-42fc-b06f-f43ce3d2c8ff,3,7,2026-03-30T14:36:18.903148+00:00,7716349a-8bb0-46c6-b60c-3594eb7ea60f,false,,,1,0a22a191-8264-4398-8468-2e96074d3366,false,,false,,,,1,f88170d0-1f22-42fc-b06f-f43ce3d2c8ff
a83f05b0-dd1f-4066-b187-2a3bbc83b3f3,0a22a191-8264-4398-8468-2e96074d3366,3,5,2026-03-30T14:38:54.901959+00:00,7716349a-8bb0-46c6-b60c-3594eb7ea60f,false,,,1,0a22a191-8264-4398-8468-2e96074d3366,false,,false,,,,1,0a22a191-8264-4398-8468-2e96074d3366
163c0452-8bec-4553-926c-e7aab088452a,2e22731c-34b3-4726-937a-18e90d4213a7,3,4,2026-03-30T14:41:18.103207+00:00,7716349a-8bb0-46c6-b60c-3594eb7ea60f,false,,,1,7cb8f5cb-1d66-4a8b-a52e-3c0ab48ff137,false,,false,,,,1,2e22731c-34b3-4726-937a-18e90d4213a7
8de00faf-9a6e-4504-84ec-6199932005bb,9d71aa32-e0cc-4394-b494-f2cca4e7d382,3,4,2026-03-30T14:42:47.173181+00:00,7716349a-8bb0-46c6-b60c-3594eb7ea60f,false,,,1,2e22731c-34b3-4726-937a-18e90d4213a7,false,,false,,,,1,9d71aa32-e0cc-4394-b494-f2cca4e7d382
4625c382-6b06-4c6f-94f8-b7ac107f1f93,7cb8f5cb-1d66-4a8b-a52e-3c0ab48ff137,3,5,2026-03-30T14:44:03.173753+00:00,7716349a-8bb0-46c6-b60c-3594eb7ea60f,false,,,1,7cb8f5cb-1d66-4a8b-a52e-3c0ab48ff137,false,,false,,,,1,7cb8f5cb-1d66-4a8b-a52e-3c0ab48ff137
8f3561d6-6a00-4e94-90b2-9b2bdfcf8062,fdd25cd4-90fe-4002-b08b-95ff807080ba,2,9,2026-03-30T15:02:30.241205+00:00,7716349a-8bb0-46c6-b60c-3594eb7ea60f,false,,,1,fdd25cd4-90fe-4002-b08b-95ff807080ba,false,,false,,,,1,fdd25cd4-90fe-4002-b08b-95ff807080ba
9db6b0ea-d8dd-47a6-be6d-72ca0b85c13b,fdd25cd4-90fe-4002-b08b-95ff807080ba,3,5,2026-03-30T15:02:30.241205+00:00,7716349a-8bb0-46c6-b60c-3594eb7ea60f,false,,,1,fdd25cd4-90fe-4002-b08b-95ff807080ba,false,,false,,,,1,fdd25cd4-90fe-4002-b08b-95ff807080ba
2fc8dd30-8f25-4b58-b3b7-e42c73e529a2,fdd25cd4-90fe-4002-b08b-95ff807080ba,4,2,2026-03-30T15:02:30.241205+00:00,7716349a-8bb0-46c6-b60c-3594eb7ea60f,false,,,1,fdd25cd4-90fe-4002-b08b-95ff807080ba,false,,false,,,,1,fdd25cd4-90fe-4002-b08b-95ff807080ba
067ed21a-3d87-4904-a807-477860935b46,c9c44f56-2b25-4444-be7a-60dcb33140b2,3,4,2026-03-30T15:10:55.278222+00:00,7716349a-8bb0-46c6-b60c-3594eb7ea60f,false,,,1,c9c44f56-2b25-4444-be7a-60dcb33140b2,false,,false,,,,1,c9c44f56-2b25-4444-be7a-60dcb33140b2
05f271de-6ae0-4c27-be7e-d59ea90f0da6,07cfbc31-606f-4838-ba17-578e0720215d,7,3,2026-03-30T13:38:52.653835+00:00,7716349a-8bb0-46c6-b60c-3594eb7ea60f,false,,,1,07cfbc31-606f-4838-ba17-578e0720215d,false,,false,,,,1,07cfbc31-606f-4838-ba17-578e0720215d
adea20c4-8f9f-46e3-9ddd-f3154bd68830,07cfbc31-606f-4838-ba17-578e0720215d,8,4,2026-03-30T13:38:52.653835+00:00,7716349a-8bb0-46c6-b60c-3594eb7ea60f,false,,,1,07cfbc31-606f-4838-ba17-578e0720215d,false,,false,,,,1,07cfbc31-606f-4838-ba17-578e0720215d
6fa6d5b1-0472-4eb5-9e2f-614151f63ed5,07cfbc31-606f-4838-ba17-578e0720215d,9,4,2026-03-30T13:38:52.653835+00:00,7716349a-8bb0-46c6-b60c-3594eb7ea60f,false,,,1,e1cc61b9-4c31-4d8e-8bee-b567ce5cca28,false,,false,,,,1,
5a7bfac1-f3ae-4644-a41d-6b812cb371c5,07cfbc31-606f-4838-ba17-578e0720215d,10,4,2026-03-30T13:38:52.653835+00:00,7716349a-8bb0-46c6-b60c-3594eb7ea60f,false,,,1,e1cc61b9-4c31-4d8e-8bee-b567ce5cca28,false,,false,,,,1,
57abe957-583a-4575-84c6-163fd56d0fae,07cfbc31-606f-4838-ba17-578e0720215d,16,4,2026-03-30T13:38:52.653835+00:00,7716349a-8bb0-46c6-b60c-3594eb7ea60f,false,,,1,07cfbc31-606f-4838-ba17-578e0720215d,false,,false,,,,1,
7037f685-2a73-40ad-b96e-90a7f1cbefa4,07cfbc31-606f-4838-ba17-578e0720215d,17,5,2026-03-30T13:38:52.653835+00:00,7716349a-8bb0-46c6-b60c-3594eb7ea60f,false,,,1,07cfbc31-606f-4838-ba17-578e0720215d,false,,false,,,,1,
2a2399e2-b3f0-4ddb-a88f-35b6d998de1f,07cfbc31-606f-4838-ba17-578e0720215d,18,5,2026-03-30T13:38:52.653835+00:00,7716349a-8bb0-46c6-b60c-3594eb7ea60f,false,,,1,07cfbc31-606f-4838-ba17-578e0720215d,false,,false,,,,1,
1d1cda8c-7f83-4f40-aeda-0a5cec8ff06a,e1cc61b9-4c31-4d8e-8bee-b567ce5cca28,6,5,2026-03-30T13:40:37.758989+00:00,7716349a-8bb0-46c6-b60c-3594eb7ea60f,false,,,1,e1cc61b9-4c31-4d8e-8bee-b567ce5cca28,false,,false,,,,1,e1cc61b9-4c31-4d8e-8bee-b567ce5cca28
cc51f846-89ad-4689-b923-54fdc87dfc51,21380286-b867-4919-83b5-08eaac386dfe,8,5,2026-03-30T12:09:16.619707+00:00,7716349a-8bb0-46c6-b60c-3594eb7ea60f,false,,,1,21380286-b867-4919-83b5-08eaac386dfe,false,,false,,,,1,
81865cc8-f57a-4866-8358-c705190e8ca7,e1cc61b9-4c31-4d8e-8bee-b567ce5cca28,7,2,2026-03-30T13:40:37.758989+00:00,7716349a-8bb0-46c6-b60c-3594eb7ea60f,false,,,1,e1cc61b9-4c31-4d8e-8bee-b567ce5cca28,false,,false,,,,1,e1cc61b9-4c31-4d8e-8bee-b567ce5cca28
82cb0797-f3cb-40e9-b8a3-4c3d3570188d,e1cc61b9-4c31-4d8e-8bee-b567ce5cca28,8,4,2026-03-30T13:40:37.758989+00:00,7716349a-8bb0-46c6-b60c-3594eb7ea60f,false,,,1,e1cc61b9-4c31-4d8e-8bee-b567ce5cca28,false,,false,,,,1,
0f24b138-791c-4c6c-9173-27f984a485bc,e1cc61b9-4c31-4d8e-8bee-b567ce5cca28,9,5,2026-03-30T13:40:37.758989+00:00,7716349a-8bb0-46c6-b60c-3594eb7ea60f,false,,,1,e1cc61b9-4c31-4d8e-8bee-b567ce5cca28,false,,false,,,,1,
85a97567-17df-4e6c-bc68-4707c7616413,19b44c8b-f73c-464f-a197-236cf91f225b,7,4,2026-03-30T13:45:57.834424+00:00,7716349a-8bb0-46c6-b60c-3594eb7ea60f,false,,,1,19b44c8b-f73c-464f-a197-236cf91f225b,false,,false,,,,1,
f2b8b584-a28c-4eb7-a83e-1f5d1c66ba72,19b44c8b-f73c-464f-a197-236cf91f225b,9,5,2026-03-30T13:45:57.834424+00:00,7716349a-8bb0-46c6-b60c-3594eb7ea60f,false,,,1,4d134271-956f-42fd-95ea-0a6b725123e6,false,,false,,,,1,
89bf3b6e-e303-46c8-ab15-ea96b3416bdf,885a2ebf-a33e-44a1-a5dd-ef1922c7778b,2,9,2026-03-30T12:55:36.745786+00:00,7716349a-8bb0-46c6-b60c-3594eb7ea60f,false,,,1,885a2ebf-a33e-44a1-a5dd-ef1922c7778b,false,,false,,,,1,
9082c4da-bfe1-410e-a01c-d861265503b0,19b44c8b-f73c-464f-a197-236cf91f225b,10,5,2026-03-30T13:45:57.834424+00:00,7716349a-8bb0-46c6-b60c-3594eb7ea60f,false,,,1,4d134271-956f-42fd-95ea-0a6b725123e6,false,,false,,,,1,
c540e562-caf9-4184-a3ce-94d39f0f283a,c0fb8d2a-417b-4d68-918c-fc6d0b9b032c,7,4,2026-03-30T13:47:12.678419+00:00,7716349a-8bb0-46c6-b60c-3594eb7ea60f,false,,,1,c0fb8d2a-417b-4d68-918c-fc6d0b9b032c,false,,false,,,,1,
32ba89c1-cd2e-4c4c-bd85-ccdbcd65481f,885a2ebf-a33e-44a1-a5dd-ef1922c7778b,5,5,2026-03-30T12:55:36.745786+00:00,7716349a-8bb0-46c6-b60c-3594eb7ea60f,false,,,1,885a2ebf-a33e-44a1-a5dd-ef1922c7778b,false,,false,,,,1,
d60ca84c-03a6-4602-9805-b833ceb87fad,d3d57160-318c-4c35-bb5c-de5a5f07d0e7,2,5,2026-03-30T13:31:35.896064+00:00,7716349a-8bb0-46c6-b60c-3594eb7ea60f,false,,,1,d3d57160-318c-4c35-bb5c-de5a5f07d0e7,false,,false,,,,1,
eba4ea55-fe3e-4380-b2c4-248466adc213,d3d57160-318c-4c35-bb5c-de5a5f07d0e7,8,5,2026-03-30T13:31:35.896064+00:00,7716349a-8bb0-46c6-b60c-3594eb7ea60f,false,,,1,d3d57160-318c-4c35-bb5c-de5a5f07d0e7,false,,false,,,,1,
4354e932-cbf3-4fe7-a050-f7afb76990da,d3d57160-318c-4c35-bb5c-de5a5f07d0e7,9,6,2026-03-30T13:31:35.896064+00:00,7716349a-8bb0-46c6-b60c-3594eb7ea60f,false,,,1,d3d57160-318c-4c35-bb5c-de5a5f07d0e7,false,,false,,,,1,
53a7951b-0a04-47b4-a959-b0e3abc3b8f7,098132e4-eb31-43dd-b487-8f6aea7501e6,2,6,2026-03-30T13:32:18.77522+00:00,7716349a-8bb0-46c6-b60c-3594eb7ea60f,false,,,1,098132e4-eb31-43dd-b487-8f6aea7501e6,false,,false,,,,1,
163e878b-7e25-4b74-95e5-c3891817dd1a,098132e4-eb31-43dd-b487-8f6aea7501e6,5,3,2026-03-30T13:32:18.77522+00:00,7716349a-8bb0-46c6-b60c-3594eb7ea60f,false,,,1,d3d57160-318c-4c35-bb5c-de5a5f07d0e7,false,,false,,,,1,
2075a01f-f4f5-443e-b9cf-e4b12d96783c,707a8d7f-48c8-4aa2-ba77-a822a334b283,6,4,2026-03-30T13:48:25.856588+00:00,7716349a-8bb0-46c6-b60c-3594eb7ea60f,false,,,1,707a8d7f-48c8-4aa2-ba77-a822a334b283,false,,false,,,,1,
9d41b06b-761d-4c4e-8fd3-cb2e617a9db3,e0adbbeb-e7b5-42d4-9ba3-1d70c15bc9f5,2,6,2026-03-30T13:32:43.240922+00:00,7716349a-8bb0-46c6-b60c-3594eb7ea60f,false,,,1,098132e4-eb31-43dd-b487-8f6aea7501e6,false,,false,,,,1,
43604171-9d4e-4f2b-aed4-f24612618eef,707a8d7f-48c8-4aa2-ba77-a822a334b283,7,4,2026-03-30T13:48:25.856588+00:00,7716349a-8bb0-46c6-b60c-3594eb7ea60f,false,,,1,707a8d7f-48c8-4aa2-ba77-a822a334b283,false,,false,,,,1,
c00db6ae-ffb0-4fb9-912c-fbb1adc24715,db214db6-5b8c-432b-a14b-322a17f0f720,7,2,2026-03-30T13:34:39.532485+00:00,7716349a-8bb0-46c6-b60c-3594eb7ea60f,false,,,1,db214db6-5b8c-432b-a14b-322a17f0f720,false,,false,,,,1,
bdbb3e93-8c6a-4b4f-9f29-51360876ed2a,7c4671ff-76ee-4a70-b912-6aa7354774ee,6,5,2026-03-30T13:36:46.652203+00:00,7716349a-8bb0-46c6-b60c-3594eb7ea60f,false,,,1,7c4671ff-76ee-4a70-b912-6aa7354774ee,false,,false,,,,1,7c4671ff-76ee-4a70-b912-6aa7354774ee
4307c3c9-6264-4e90-b2d4-fa73db685786,7c4671ff-76ee-4a70-b912-6aa7354774ee,7,3,2026-03-30T13:36:46.652203+00:00,7716349a-8bb0-46c6-b60c-3594eb7ea60f,false,,,1,7c4671ff-76ee-4a70-b912-6aa7354774ee,false,,false,,,,1,7c4671ff-76ee-4a70-b912-6aa7354774ee
4a5fb7a7-c35a-4695-b392-fa64f59cf73f,7c4671ff-76ee-4a70-b912-6aa7354774ee,8,5,2026-03-30T13:36:46.652203+00:00,7716349a-8bb0-46c6-b60c-3594eb7ea60f,false,,,1,7c4671ff-76ee-4a70-b912-6aa7354774ee,false,,false,,,,1,7c4671ff-76ee-4a70-b912-6aa7354774ee
aa4e73a6-1698-4b91-b96a-c0f2ae884070,47b6392b-6476-4a2b-897e-2347b126ab86,6,4,2026-03-30T13:37:43.100691+00:00,7716349a-8bb0-46c6-b60c-3594eb7ea60f,false,,,1,7c4671ff-76ee-4a70-b912-6aa7354774ee,false,,false,,,,1,47b6392b-6476-4a2b-897e-2347b126ab86
3af10a79-fe46-496d-b263-a332da52b8c8,47b6392b-6476-4a2b-897e-2347b126ab86,7,3,2026-03-30T13:37:43.100691+00:00,7716349a-8bb0-46c6-b60c-3594eb7ea60f,false,,,1,47b6392b-6476-4a2b-897e-2347b126ab86,false,,false,,,,1,47b6392b-6476-4a2b-897e-2347b126ab86
1e65ac40-c5c4-42c4-aa25-0cf2e4578834,47b6392b-6476-4a2b-897e-2347b126ab86,8,5,2026-03-30T13:37:43.100691+00:00,7716349a-8bb0-46c6-b60c-3594eb7ea60f,false,,,1,7c4671ff-76ee-4a70-b912-6aa7354774ee,false,,false,,,,1,47b6392b-6476-4a2b-897e-2347b126ab86
9c328d25-1645-4df9-9c86-10cba4e5b01a,707a8d7f-48c8-4aa2-ba77-a822a334b283,8,7,2026-03-30T13:48:25.856588+00:00,7716349a-8bb0-46c6-b60c-3594eb7ea60f,false,,,1,707a8d7f-48c8-4aa2-ba77-a822a334b283,false,,false,,,,1,
0a6b740c-98b6-4b43-bfb8-853e202890a5,21380286-b867-4919-83b5-08eaac386dfe,2,12,2026-03-30T10:42:36.920668+00:00,7716349a-8bb0-46c6-b60c-3594eb7ea60f,false,,,1,885a2ebf-a33e-44a1-a5dd-ef1922c7778b,false,,false,,,,1,
466048e3-d03a-4977-8ae3-eae801187008,707a8d7f-48c8-4aa2-ba77-a822a334b283,9,5,2026-03-30T13:48:25.856588+00:00,7716349a-8bb0-46c6-b60c-3594eb7ea60f,false,,,1,707a8d7f-48c8-4aa2-ba77-a822a334b283,false,,false,,,,1,
1ac8676b-0747-4499-9a4c-32e540241b00,707a8d7f-48c8-4aa2-ba77-a822a334b283,10,5,2026-03-30T13:48:25.856588+00:00,7716349a-8bb0-46c6-b60c-3594eb7ea60f,false,,,1,707a8d7f-48c8-4aa2-ba77-a822a334b283,false,,false,,,,1,
cd491b10-e735-4558-814f-38c7706b20b9,707a8d7f-48c8-4aa2-ba77-a822a334b283,11,3,2026-03-30T13:48:25.856588+00:00,7716349a-8bb0-46c6-b60c-3594eb7ea60f,false,,,1,707a8d7f-48c8-4aa2-ba77-a822a334b283,false,,false,,,,1,
876a5958-c885-4103-b57e-993450035e4b,707a8d7f-48c8-4aa2-ba77-a822a334b283,12,6,2026-03-30T13:48:25.856588+00:00,7716349a-8bb0-46c6-b60c-3594eb7ea60f,false,,,1,707a8d7f-48c8-4aa2-ba77-a822a334b283,false,,false,,,,1,
0b1a2456-3ae3-4fb2-a063-0c8b1d30ce21,707a8d7f-48c8-4aa2-ba77-a822a334b283,13,4,2026-03-30T13:48:25.856588+00:00,7716349a-8bb0-46c6-b60c-3594eb7ea60f,false,,,1,707a8d7f-48c8-4aa2-ba77-a822a334b283,false,,false,,,,1,
dadf6b2f-22ac-4793-b654-50d172b22e30,707a8d7f-48c8-4aa2-ba77-a822a334b283,14,5,2026-03-30T13:48:25.856588+00:00,7716349a-8bb0-46c6-b60c-3594eb7ea60f,false,,,1,707a8d7f-48c8-4aa2-ba77-a822a334b283,false,,false,,,,1,
996c7e95-ce85-4cfd-9c83-8703d72e786a,707a8d7f-48c8-4aa2-ba77-a822a334b283,15,4,2026-03-30T13:48:25.856588+00:00,7716349a-8bb0-46c6-b60c-3594eb7ea60f,false,,,1,707a8d7f-48c8-4aa2-ba77-a822a334b283,false,,false,,,,1,
872c6261-950f-41fb-b2b1-3f74579676b7,707a8d7f-48c8-4aa2-ba77-a822a334b283,16,4,2026-03-30T13:48:25.856588+00:00,7716349a-8bb0-46c6-b60c-3594eb7ea60f,false,,,1,707a8d7f-48c8-4aa2-ba77-a822a334b283,false,,false,,,,1,
e751fc7c-44c0-401c-a8ba-3fe3aa95b362,707a8d7f-48c8-4aa2-ba77-a822a334b283,17,5,2026-03-30T13:48:25.856588+00:00,7716349a-8bb0-46c6-b60c-3594eb7ea60f,false,,,1,707a8d7f-48c8-4aa2-ba77-a822a334b283,false,,false,,,,1,
2f0f5f47-3430-42f4-a6ef-f322bb42d161,707a8d7f-48c8-4aa2-ba77-a822a334b283,18,5,2026-03-30T13:48:25.856588+00:00,7716349a-8bb0-46c6-b60c-3594eb7ea60f,false,,,1,707a8d7f-48c8-4aa2-ba77-a822a334b283,false,,false,,,,1,
255f2f40-4377-433b-9953-e633c7c93fe6,4d134271-956f-42fd-95ea-0a6b725123e6,7,3,2026-03-30T13:49:09.297106+00:00,7716349a-8bb0-46c6-b60c-3594eb7ea60f,false,,,1,707a8d7f-48c8-4aa2-ba77-a822a334b283,false,,false,,,,1,
f85a763c-a7b4-4b3f-b82d-5a39b39443fe,4d134271-956f-42fd-95ea-0a6b725123e6,8,5,2026-03-30T13:49:09.297106+00:00,7716349a-8bb0-46c6-b60c-3594eb7ea60f,false,,,1,4d134271-956f-42fd-95ea-0a6b725123e6,false,,false,,,,1,
f7a6a592-ba58-4379-84a6-35b8581972f3,5d110f0c-2f85-4f21-bfea-d8a96880f0f4,7,4,2026-03-30T13:50:15.54931+00:00,7716349a-8bb0-46c6-b60c-3594eb7ea60f,false,,,1,c0fb8d2a-417b-4d68-918c-fc6d0b9b032c,false,,false,,,,1,
ed5e6697-b306-43c4-ac54-94925f9ffd1c,ce23d191-feba-4728-82f1-dc3429b95532,9,6,2026-03-30T14:19:06.489167+00:00,7716349a-8bb0-46c6-b60c-3594eb7ea60f,false,,,1,ce23d191-feba-4728-82f1-dc3429b95532,false,,false,,,,1,
5faec7bb-4f58-42aa-906e-38a1c1a8fe18,e5564605-a162-4973-b880-2fa2245b8a54,9,6,2026-03-30T14:20:54.103514+00:00,7716349a-8bb0-46c6-b60c-3594eb7ea60f,false,,,1,e5564605-a162-4973-b880-2fa2245b8a54,false,,false,,,,1,
6e58fc95-1d06-428b-9e43-4c5f6ab81650,e5564605-a162-4973-b880-2fa2245b8a54,15,4,2026-03-30T14:20:54.103514+00:00,7716349a-8bb0-46c6-b60c-3594eb7ea60f,false,,,1,e5564605-a162-4973-b880-2fa2245b8a54,false,,false,,,,1,
0f5ffe00-3e30-474c-9367-897c618f69e6,e5564605-a162-4973-b880-2fa2245b8a54,16,5,2026-03-30T14:20:54.103514+00:00,7716349a-8bb0-46c6-b60c-3594eb7ea60f,false,,,1,e5564605-a162-4973-b880-2fa2245b8a54,false,,false,,,,1,
b39e9e08-d036-46c2-8823-b3631ed86f0a,e5564605-a162-4973-b880-2fa2245b8a54,17,6,2026-03-30T14:20:54.103514+00:00,7716349a-8bb0-46c6-b60c-3594eb7ea60f,false,,,1,e5564605-a162-4973-b880-2fa2245b8a54,false,,false,,,,1,
dcb45c89-490f-405c-a748-aff4ff00a692,e5564605-a162-4973-b880-2fa2245b8a54,18,6,2026-03-30T14:20:54.103514+00:00,7716349a-8bb0-46c6-b60c-3594eb7ea60f,false,,,1,e5564605-a162-4973-b880-2fa2245b8a54,false,,false,,,,1,
63ed1dab-37cf-42fa-bba6-76321b56c1ab,2e22731c-34b3-4726-937a-18e90d4213a7,4,4,2026-03-30T14:41:18.103207+00:00,7716349a-8bb0-46c6-b60c-3594eb7ea60f,false,,,1,7cb8f5cb-1d66-4a8b-a52e-3c0ab48ff137,false,,false,,,,1,
42e21ae9-093c-4cba-bc92-b07ae2ca2084,2e22731c-34b3-4726-937a-18e90d4213a7,7,3,2026-03-30T14:41:18.103207+00:00,7716349a-8bb0-46c6-b60c-3594eb7ea60f,false,,,1,2e22731c-34b3-4726-937a-18e90d4213a7,false,,false,,,,1,
e0786457-c8a1-48db-b382-91a7ec3d1bea,2e22731c-34b3-4726-937a-18e90d4213a7,8,5,2026-03-30T14:41:18.103207+00:00,7716349a-8bb0-46c6-b60c-3594eb7ea60f,false,,,1,2e22731c-34b3-4726-937a-18e90d4213a7,false,,false,,,,1,
fc1378c2-a316-45ad-9792-33a64c6ba66c,7cb8f5cb-1d66-4a8b-a52e-3c0ab48ff137,4,4,2026-03-30T14:44:03.173753+00:00,7716349a-8bb0-46c6-b60c-3594eb7ea60f,false,,,1,7cb8f5cb-1d66-4a8b-a52e-3c0ab48ff137,false,,false,,,,1,
6b9084c3-8cc0-4fb0-b664-f07c2ac11e40,07cfbc31-606f-4838-ba17-578e0720215d,3,5,2026-03-30T13:38:52.653835+00:00,7716349a-8bb0-46c6-b60c-3594eb7ea60f,false,,,1,e1cc61b9-4c31-4d8e-8bee-b567ce5cca28,false,,false,,,,1,07cfbc31-606f-4838-ba17-578e0720215d
f7640381-13d1-4d0c-a2f9-6e6490764180,07cfbc31-606f-4838-ba17-578e0720215d,12,5,2026-03-30T13:38:52.653835+00:00,7716349a-8bb0-46c6-b60c-3594eb7ea60f,false,,,1,e1cc61b9-4c31-4d8e-8bee-b567ce5cca28,false,,false,,,,1,
3554786f-0b1e-4285-9aa3-54d082359629,e1cc61b9-4c31-4d8e-8bee-b567ce5cca28,1,5,2026-03-30T13:40:37.758989+00:00,7716349a-8bb0-46c6-b60c-3594eb7ea60f,false,,,1,3b88eb10-8515-40d0-8108-a94529c534cd,false,,false,,,,1,e1cc61b9-4c31-4d8e-8bee-b567ce5cca28
a75f7dae-e82b-4ee2-846b-bb2733305254,e1cc61b9-4c31-4d8e-8bee-b567ce5cca28,5,4,2026-03-30T13:40:37.758989+00:00,7716349a-8bb0-46c6-b60c-3594eb7ea60f,false,,,1,e1cc61b9-4c31-4d8e-8bee-b567ce5cca28,false,,false,,,,1,e1cc61b9-4c31-4d8e-8bee-b567ce5cca28
b6be5dfa-7451-4bd4-a90b-cbcba59947e9,885a2ebf-a33e-44a1-a5dd-ef1922c7778b,8,4,2026-03-30T12:55:36.745786+00:00,7716349a-8bb0-46c6-b60c-3594eb7ea60f,false,,,1,21380286-b867-4919-83b5-08eaac386dfe,false,,false,,,,1,
239ffdb1-8daa-4d3b-9452-1238a76123d6,098132e4-eb31-43dd-b487-8f6aea7501e6,4,3,2026-03-30T13:32:18.77522+00:00,7716349a-8bb0-46c6-b60c-3594eb7ea60f,false,,,1,098132e4-eb31-43dd-b487-8f6aea7501e6,false,,false,,,,1,
7c3f531b-5872-4aba-8fd2-b23b3c738661,e1cc61b9-4c31-4d8e-8bee-b567ce5cca28,13,5,2026-03-30T13:40:37.758989+00:00,7716349a-8bb0-46c6-b60c-3594eb7ea60f,false,,,1,e1cc61b9-4c31-4d8e-8bee-b567ce5cca28,false,,false,,,,1,
e19540ff-904c-4c93-8b7f-6bfd9c0f75bd,21380286-b867-4919-83b5-08eaac386dfe,5,5,2026-03-30T11:18:19.934865+00:00,7716349a-8bb0-46c6-b60c-3594eb7ea60f,false,,,1,885a2ebf-a33e-44a1-a5dd-ef1922c7778b,false,,false,,,,1,
4f21c232-d161-486b-82f4-c6d2f9388aa2,098132e4-eb31-43dd-b487-8f6aea7501e6,6,4,2026-03-30T13:32:18.77522+00:00,7716349a-8bb0-46c6-b60c-3594eb7ea60f,false,,,1,098132e4-eb31-43dd-b487-8f6aea7501e6,false,,false,,,,1,
e90cfa91-bdd7-4230-b6e6-fd464eadbf6c,098132e4-eb31-43dd-b487-8f6aea7501e6,7,3,2026-03-30T13:32:18.77522+00:00,7716349a-8bb0-46c6-b60c-3594eb7ea60f,false,,,1,098132e4-eb31-43dd-b487-8f6aea7501e6,false,,false,,,,1,
d3437a6f-493d-4750-9ca7-826b5eb8896a,e1cc61b9-4c31-4d8e-8bee-b567ce5cca28,14,5,2026-03-30T13:40:37.758989+00:00,7716349a-8bb0-46c6-b60c-3594eb7ea60f,false,,,1,e1cc61b9-4c31-4d8e-8bee-b567ce5cca28,false,,false,,,,1,
a96260e8-1c15-41e9-938f-f71653ebe077,098132e4-eb31-43dd-b487-8f6aea7501e6,8,5,2026-03-30T13:32:18.77522+00:00,7716349a-8bb0-46c6-b60c-3594eb7ea60f,false,,,1,098132e4-eb31-43dd-b487-8f6aea7501e6,false,,false,,,,1,
ee54b807-a6c0-4456-b318-f9879e8184e5,098132e4-eb31-43dd-b487-8f6aea7501e6,9,5,2026-03-30T13:32:18.77522+00:00,7716349a-8bb0-46c6-b60c-3594eb7ea60f,false,,,1,098132e4-eb31-43dd-b487-8f6aea7501e6,false,,false,,,,1,
41d0c95b-155d-46d7-bd7a-9b54dc8caa63,2e22731c-34b3-4726-937a-18e90d4213a7,1,4,2026-03-30T12:33:05.131378+00:00,,false,,,1,2e22731c-34b3-4726-937a-18e90d4213a7,false,,false,,,,1,
9bc73ac4-a832-4330-be69-7e9423db91da,2e22731c-34b3-4726-937a-18e90d4213a7,2,5,2026-03-30T12:33:05.131378+00:00,,false,,,1,2e22731c-34b3-4726-937a-18e90d4213a7,false,,false,,,,1,
36dfdd39-0c25-4de9-b843-d0a64dffe051,2e22731c-34b3-4726-937a-18e90d4213a7,3,3,2026-03-30T12:33:05.131378+00:00,,false,,,1,2e22731c-34b3-4726-937a-18e90d4213a7,false,,false,,,,1,
a70af06e-73b9-415b-a68d-9e972c132b90,2cc9e7cd-f36e-4f27-ac2e-6959eecef670,7,4,2026-03-30T13:34:03.303623+00:00,7716349a-8bb0-46c6-b60c-3594eb7ea60f,false,,,1,db214db6-5b8c-432b-a14b-322a17f0f720,false,,false,,,,1,
dbe4ad85-cbbc-4687-af8d-6fcca0f577e6,e1cc61b9-4c31-4d8e-8bee-b567ce5cca28,15,3,2026-03-30T13:40:37.758989+00:00,7716349a-8bb0-46c6-b60c-3594eb7ea60f,false,,,1,e1cc61b9-4c31-4d8e-8bee-b567ce5cca28,false,,false,,,,1,
60c47ebf-dbb6-4a20-8379-743214a6aaa6,e1cc61b9-4c31-4d8e-8bee-b567ce5cca28,16,4,2026-03-30T13:40:37.758989+00:00,7716349a-8bb0-46c6-b60c-3594eb7ea60f,false,,,1,e1cc61b9-4c31-4d8e-8bee-b567ce5cca28,false,,false,,,,1,
a320dd78-4fc3-4d66-92b0-7b86bd1de65c,e1cc61b9-4c31-4d8e-8bee-b567ce5cca28,17,5,2026-03-30T13:40:37.758989+00:00,7716349a-8bb0-46c6-b60c-3594eb7ea60f,false,,,1,e1cc61b9-4c31-4d8e-8bee-b567ce5cca28,false,,false,,,,1,
79d9e26a-9719-45a0-8bee-521d352c26ed,e1cc61b9-4c31-4d8e-8bee-b567ce5cca28,18,4,2026-03-30T13:40:37.758989+00:00,7716349a-8bb0-46c6-b60c-3594eb7ea60f,false,,,1,e1cc61b9-4c31-4d8e-8bee-b567ce5cca28,false,,false,,,,1,
3384fcd2-cfb0-4519-9f80-d3b56d521bb9,19b44c8b-f73c-464f-a197-236cf91f225b,8,4,2026-03-30T13:45:57.834424+00:00,7716349a-8bb0-46c6-b60c-3594eb7ea60f,false,,,1,4d134271-956f-42fd-95ea-0a6b725123e6,false,,false,,,,1,
00a63d95-aef7-4aac-bd36-5b7d4315ed3c,4d134271-956f-42fd-95ea-0a6b725123e6,6,4,2026-03-30T13:49:09.297106+00:00,7716349a-8bb0-46c6-b60c-3594eb7ea60f,false,,,1,4d134271-956f-42fd-95ea-0a6b725123e6,false,,false,,,,1,
f330d7d8-38a7-4318-bddb-aee78871f585,db214db6-5b8c-432b-a14b-322a17f0f720,3,5,2026-03-30T13:34:39.532485+00:00,7716349a-8bb0-46c6-b60c-3594eb7ea60f,false,,,1,2cc9e7cd-f36e-4f27-ac2e-6959eecef670,false,,false,,,,1,
cd368376-1f74-4fe0-ae73-b49fd7fd428d,db214db6-5b8c-432b-a14b-322a17f0f720,4,3,2026-03-30T13:34:39.532485+00:00,7716349a-8bb0-46c6-b60c-3594eb7ea60f,false,,,1,db214db6-5b8c-432b-a14b-322a17f0f720,false,,false,,,,1,
9636ca0d-ee02-4a58-a1d8-da2a2365eb3f,db214db6-5b8c-432b-a14b-322a17f0f720,5,5,2026-03-30T13:34:39.532485+00:00,7716349a-8bb0-46c6-b60c-3594eb7ea60f,false,,,1,db214db6-5b8c-432b-a14b-322a17f0f720,false,,false,,,,1,
1580ff02-7c32-44ff-8c66-013f9d9ed02a,db214db6-5b8c-432b-a14b-322a17f0f720,6,5,2026-03-30T13:34:39.532485+00:00,7716349a-8bb0-46c6-b60c-3594eb7ea60f,false,,,1,db214db6-5b8c-432b-a14b-322a17f0f720,false,,false,,,,1,
4aa0b54c-0180-40d3-a756-c359d088fe49,4d134271-956f-42fd-95ea-0a6b725123e6,12,6,2026-03-30T13:49:09.297106+00:00,7716349a-8bb0-46c6-b60c-3594eb7ea60f,false,,,1,4d134271-956f-42fd-95ea-0a6b725123e6,false,,false,,,,1,
ad2740e6-a44d-4bb9-b790-308ab6f6a44c,4d134271-956f-42fd-95ea-0a6b725123e6,13,4,2026-03-30T13:49:09.297106+00:00,7716349a-8bb0-46c6-b60c-3594eb7ea60f,false,,,1,4d134271-956f-42fd-95ea-0a6b725123e6,false,,false,,,,1,
3ac15078-dc7d-4ade-9015-bac91ee7ece3,4d134271-956f-42fd-95ea-0a6b725123e6,14,4,2026-03-30T13:49:09.297106+00:00,7716349a-8bb0-46c6-b60c-3594eb7ea60f,false,,,1,4d134271-956f-42fd-95ea-0a6b725123e6,false,,false,,,,1,
bb3ff7b5-32d7-475e-bb4d-e13280a1fa99,4d134271-956f-42fd-95ea-0a6b725123e6,15,4,2026-03-30T13:49:09.297106+00:00,7716349a-8bb0-46c6-b60c-3594eb7ea60f,false,,,1,4d134271-956f-42fd-95ea-0a6b725123e6,false,,false,,,,1,
e5be6752-098a-42d9-8023-23d0594976cc,4d134271-956f-42fd-95ea-0a6b725123e6,16,4,2026-03-30T13:49:09.297106+00:00,7716349a-8bb0-46c6-b60c-3594eb7ea60f,false,,,1,4d134271-956f-42fd-95ea-0a6b725123e6,false,,false,,,,1,
ff84669d-6c82-4f4f-97af-c4cbb6b6d19d,4d134271-956f-42fd-95ea-0a6b725123e6,17,4,2026-03-30T13:49:09.297106+00:00,7716349a-8bb0-46c6-b60c-3594eb7ea60f,false,,,1,4d134271-956f-42fd-95ea-0a6b725123e6,false,,false,,,,1,
a05a2728-0a21-445f-9a3a-4da18c994b62,4d134271-956f-42fd-95ea-0a6b725123e6,18,4,2026-03-30T13:49:09.297106+00:00,7716349a-8bb0-46c6-b60c-3594eb7ea60f,false,,,1,4d134271-956f-42fd-95ea-0a6b725123e6,false,,false,,,,1,
955e444d-51ae-4cdd-9a36-5ded0c98576d,f88170d0-1f22-42fc-b06f-f43ce3d2c8ff,4,6,2026-03-30T14:36:18.903148+00:00,7716349a-8bb0-46c6-b60c-3594eb7ea60f,false,,,1,f88170d0-1f22-42fc-b06f-f43ce3d2c8ff,false,,false,,,,1,
93311070-62f6-41a7-ba1b-2190df336818,f88170d0-1f22-42fc-b06f-f43ce3d2c8ff,6,3,2026-03-30T14:36:18.903148+00:00,7716349a-8bb0-46c6-b60c-3594eb7ea60f,false,,,1,f88170d0-1f22-42fc-b06f-f43ce3d2c8ff,false,,false,,,,1,
f0f19472-6fcd-481d-98c2-24d999dfe41e,f88170d0-1f22-42fc-b06f-f43ce3d2c8ff,7,3,2026-03-30T14:36:18.903148+00:00,7716349a-8bb0-46c6-b60c-3594eb7ea60f,false,,,1,f88170d0-1f22-42fc-b06f-f43ce3d2c8ff,false,,false,,,,1,
b3b959e1-c692-4d61-a121-bb5ca989f5fe,f88170d0-1f22-42fc-b06f-f43ce3d2c8ff,8,5,2026-03-30T14:36:18.903148+00:00,7716349a-8bb0-46c6-b60c-3594eb7ea60f,false,,,1,f88170d0-1f22-42fc-b06f-f43ce3d2c8ff,false,,false,,,,1,
fb0c99ad-8cfd-4f93-9f50-8c92a3c27ff3,f88170d0-1f22-42fc-b06f-f43ce3d2c8ff,9,6,2026-03-30T14:36:18.903148+00:00,7716349a-8bb0-46c6-b60c-3594eb7ea60f,false,,,1,f88170d0-1f22-42fc-b06f-f43ce3d2c8ff,false,,false,,,,1,
840a7aa1-773b-456c-b588-acb2df89bc17,f88170d0-1f22-42fc-b06f-f43ce3d2c8ff,10,4,2026-03-30T14:36:18.903148+00:00,7716349a-8bb0-46c6-b60c-3594eb7ea60f,false,,,1,f88170d0-1f22-42fc-b06f-f43ce3d2c8ff,false,,false,,,,1,
b66283cc-47e6-4a0f-947b-0053ecb70662,f88170d0-1f22-42fc-b06f-f43ce3d2c8ff,11,3,2026-03-30T14:36:18.903148+00:00,7716349a-8bb0-46c6-b60c-3594eb7ea60f,false,,,1,f88170d0-1f22-42fc-b06f-f43ce3d2c8ff,false,,false,,,,1,
988c5814-cb10-41be-84a2-81a762fe9015,f88170d0-1f22-42fc-b06f-f43ce3d2c8ff,12,5,2026-03-30T14:36:18.903148+00:00,7716349a-8bb0-46c6-b60c-3594eb7ea60f,false,,,1,f88170d0-1f22-42fc-b06f-f43ce3d2c8ff,false,,false,,,,1,
c4860a0e-1301-4e5c-acbb-0723a1395a90,f88170d0-1f22-42fc-b06f-f43ce3d2c8ff,13,5,2026-03-30T14:36:18.903148+00:00,7716349a-8bb0-46c6-b60c-3594eb7ea60f,false,,,1,f88170d0-1f22-42fc-b06f-f43ce3d2c8ff,false,,false,,,,1,
5a1dadd5-77e4-4b9e-83c8-6e2943b69c2a,f88170d0-1f22-42fc-b06f-f43ce3d2c8ff,14,6,2026-03-30T14:36:18.903148+00:00,7716349a-8bb0-46c6-b60c-3594eb7ea60f,false,,,1,f88170d0-1f22-42fc-b06f-f43ce3d2c8ff,false,,false,,,,1,
9d9db929-86c4-47c7-acf6-dc31d7e370e1,f88170d0-1f22-42fc-b06f-f43ce3d2c8ff,15,4,2026-03-30T14:36:18.903148+00:00,7716349a-8bb0-46c6-b60c-3594eb7ea60f,false,,,1,f88170d0-1f22-42fc-b06f-f43ce3d2c8ff,false,,false,,,,1,
4cdb8e8b-0951-4e84-9ff7-63e9864b8559,f88170d0-1f22-42fc-b06f-f43ce3d2c8ff,16,4,2026-03-30T14:36:18.903148+00:00,7716349a-8bb0-46c6-b60c-3594eb7ea60f,false,,,1,f88170d0-1f22-42fc-b06f-f43ce3d2c8ff,false,,false,,,,1,
91717ad5-d938-4caf-b9f9-5576af52f301,f88170d0-1f22-42fc-b06f-f43ce3d2c8ff,17,5,2026-03-30T14:36:18.903148+00:00,7716349a-8bb0-46c6-b60c-3594eb7ea60f,false,,,1,f88170d0-1f22-42fc-b06f-f43ce3d2c8ff,false,,false,,,,1,
50ee5496-ae87-4d77-8ad2-3d9e5d9ab777,f88170d0-1f22-42fc-b06f-f43ce3d2c8ff,18,6,2026-03-30T14:36:18.903148+00:00,7716349a-8bb0-46c6-b60c-3594eb7ea60f,false,,,1,f88170d0-1f22-42fc-b06f-f43ce3d2c8ff,false,,false,,,,1,
c550d6c6-01f8-42f1-ad56-d50cdc717a96,2e22731c-34b3-4726-937a-18e90d4213a7,9,6,2026-03-30T14:41:18.103207+00:00,7716349a-8bb0-46c6-b60c-3594eb7ea60f,false,,,1,2e22731c-34b3-4726-937a-18e90d4213a7,false,,false,,,,1,
5bbfdf1a-1e1d-4da3-baa1-aa43af3a0dbd,2e22731c-34b3-4726-937a-18e90d4213a7,10,5,2026-03-30T14:41:18.103207+00:00,7716349a-8bb0-46c6-b60c-3594eb7ea60f,false,,,1,2e22731c-34b3-4726-937a-18e90d4213a7,false,,false,,,,1,
5d9de02f-ebaa-4604-8edd-739c2d07a170,2e22731c-34b3-4726-937a-18e90d4213a7,11,4,2026-03-30T14:41:18.103207+00:00,7716349a-8bb0-46c6-b60c-3594eb7ea60f,false,,,1,2e22731c-34b3-4726-937a-18e90d4213a7,false,,false,,,,1,
276060e2-fd05-483e-955d-0376f09cbbb5,2e22731c-34b3-4726-937a-18e90d4213a7,12,4,2026-03-30T14:41:18.103207+00:00,7716349a-8bb0-46c6-b60c-3594eb7ea60f,false,,,1,2e22731c-34b3-4726-937a-18e90d4213a7,false,,false,,,,1,
29a424e5-b393-42c7-be68-5c260a87f0dc,2e22731c-34b3-4726-937a-18e90d4213a7,13,7,2026-03-30T14:41:18.103207+00:00,7716349a-8bb0-46c6-b60c-3594eb7ea60f,false,,,1,2e22731c-34b3-4726-937a-18e90d4213a7,false,,false,,,,1,
c9c8d577-09da-4759-b2b2-475ebdc4a871,2e22731c-34b3-4726-937a-18e90d4213a7,14,7,2026-03-30T14:41:18.103207+00:00,7716349a-8bb0-46c6-b60c-3594eb7ea60f,false,,,1,2e22731c-34b3-4726-937a-18e90d4213a7,false,,false,,,,1,
15b05f12-e29f-4052-afae-e0a4f6360586,2e22731c-34b3-4726-937a-18e90d4213a7,15,4,2026-03-30T14:41:18.103207+00:00,7716349a-8bb0-46c6-b60c-3594eb7ea60f,false,,,1,2e22731c-34b3-4726-937a-18e90d4213a7,false,,false,,,,1,
34266884-9f44-433a-bbd8-374a4379b8bc,2e22731c-34b3-4726-937a-18e90d4213a7,16,6,2026-03-30T14:41:18.103207+00:00,7716349a-8bb0-46c6-b60c-3594eb7ea60f,false,,,1,2e22731c-34b3-4726-937a-18e90d4213a7,false,,false,,,,1,
dfef0c78-0598-4ced-9e02-aca966362cff,2e22731c-34b3-4726-937a-18e90d4213a7,17,5,2026-03-30T14:41:18.103207+00:00,7716349a-8bb0-46c6-b60c-3594eb7ea60f,false,,,1,2e22731c-34b3-4726-937a-18e90d4213a7,false,,false,,,,1,
1a601ddb-d0e0-48b9-ba5d-e5a57031a0f5,2e22731c-34b3-4726-937a-18e90d4213a7,18,9,2026-03-30T14:41:18.103207+00:00,7716349a-8bb0-46c6-b60c-3594eb7ea60f,false,,,1,2e22731c-34b3-4726-937a-18e90d4213a7,false,,false,,,,1,
93627f3c-925f-4052-b842-5596ae6b9b08,7cb8f5cb-1d66-4a8b-a52e-3c0ab48ff137,6,6,2026-03-30T14:44:03.173753+00:00,7716349a-8bb0-46c6-b60c-3594eb7ea60f,false,,,1,7cb8f5cb-1d66-4a8b-a52e-3c0ab48ff137,false,,false,,,,1,
d7c49c8a-71ee-4501-a45e-7584ff319ea9,7cb8f5cb-1d66-4a8b-a52e-3c0ab48ff137,7,3,2026-03-30T14:44:03.173753+00:00,7716349a-8bb0-46c6-b60c-3594eb7ea60f,false,,,1,7cb8f5cb-1d66-4a8b-a52e-3c0ab48ff137,false,,false,,,,1,
f89b6961-4d89-4279-bd91-6178e35d15d6,7cb8f5cb-1d66-4a8b-a52e-3c0ab48ff137,8,5,2026-03-30T14:44:03.173753+00:00,7716349a-8bb0-46c6-b60c-3594eb7ea60f,false,,,1,7cb8f5cb-1d66-4a8b-a52e-3c0ab48ff137,false,,false,,,,1,
08625621-201e-4dd1-aea1-00530725f409,07cfbc31-606f-4838-ba17-578e0720215d,1,5,2026-03-30T13:38:52.653835+00:00,7716349a-8bb0-46c6-b60c-3594eb7ea60f,false,,,1,07cfbc31-606f-4838-ba17-578e0720215d,false,,false,,,,1,07cfbc31-606f-4838-ba17-578e0720215d
027b1127-da81-4f84-b98c-09a674b7c5af,07cfbc31-606f-4838-ba17-578e0720215d,2,5,2026-03-30T13:38:52.653835+00:00,7716349a-8bb0-46c6-b60c-3594eb7ea60f,false,,,1,07cfbc31-606f-4838-ba17-578e0720215d,false,,false,,,,1,07cfbc31-606f-4838-ba17-578e0720215d
d222911a-1f09-471e-b3bd-ac5aadb7a6cd,07cfbc31-606f-4838-ba17-578e0720215d,11,3,2026-03-30T13:38:52.653835+00:00,7716349a-8bb0-46c6-b60c-3594eb7ea60f,false,,,1,e1cc61b9-4c31-4d8e-8bee-b567ce5cca28,false,,false,,,,1,
c33c3f61-42f6-42c0-b223-f081b77d7361,e1cc61b9-4c31-4d8e-8bee-b567ce5cca28,10,4,2026-03-30T13:40:37.758989+00:00,7716349a-8bb0-46c6-b60c-3594eb7ea60f,false,,,1,e1cc61b9-4c31-4d8e-8bee-b567ce5cca28,false,,false,,,,1,
d632aced-a11f-49ad-b0ca-5238db4569a7,3b88eb10-8515-40d0-8108-a94529c534cd,2,4,2026-03-30T13:41:31.214768+00:00,7716349a-8bb0-46c6-b60c-3594eb7ea60f,false,,,1,3b88eb10-8515-40d0-8108-a94529c534cd,false,,false,,,,1,3b88eb10-8515-40d0-8108-a94529c534cd
fca7dd2c-bf46-4cff-a7aa-2405e1ccb55c,d3d57160-318c-4c35-bb5c-de5a5f07d0e7,3,5,2026-03-30T13:31:35.896064+00:00,7716349a-8bb0-46c6-b60c-3594eb7ea60f,false,,,1,e0adbbeb-e7b5-42d4-9ba3-1d70c15bc9f5,false,,false,,,,1,
65963fe3-5f89-476b-ae99-c2eb2c4d5646,e0adbbeb-e7b5-42d4-9ba3-1d70c15bc9f5,8,4,2026-03-30T13:32:43.240922+00:00,7716349a-8bb0-46c6-b60c-3594eb7ea60f,false,,,1,e0adbbeb-e7b5-42d4-9ba3-1d70c15bc9f5,false,,false,,,,1,
5e051c8c-2abd-467b-8a09-f5ee82469edf,e0adbbeb-e7b5-42d4-9ba3-1d70c15bc9f5,9,5,2026-03-30T13:32:43.240922+00:00,7716349a-8bb0-46c6-b60c-3594eb7ea60f,false,,,1,e0adbbeb-e7b5-42d4-9ba3-1d70c15bc9f5,false,,false,,,,1,
804145b1-c6d2-46c7-ba95-9f5c52a29c64,2cc9e7cd-f36e-4f27-ac2e-6959eecef670,5,9,2026-03-30T13:34:03.303623+00:00,7716349a-8bb0-46c6-b60c-3594eb7ea60f,false,,,1,db214db6-5b8c-432b-a14b-322a17f0f720,false,,false,,,,1,
4c4837cd-cde6-4681-83c8-53401dd78063,2cc9e7cd-f36e-4f27-ac2e-6959eecef670,6,14,2026-03-30T13:34:03.303623+00:00,7716349a-8bb0-46c6-b60c-3594eb7ea60f,false,,,1,db214db6-5b8c-432b-a14b-322a17f0f720,false,,false,,,,1,
9f52f2de-f979-4851-bc44-f356873e36b8,7c4671ff-76ee-4a70-b912-6aa7354774ee,13,4,2026-03-30T13:36:46.652203+00:00,7716349a-8bb0-46c6-b60c-3594eb7ea60f,false,,,1,7c4671ff-76ee-4a70-b912-6aa7354774ee,false,,false,,,,1,
7ab1e34d-94c4-44b1-808e-0482ccf1ae46,3b88eb10-8515-40d0-8108-a94529c534cd,5,4,2026-03-30T13:41:31.214768+00:00,7716349a-8bb0-46c6-b60c-3594eb7ea60f,false,,,1,3b88eb10-8515-40d0-8108-a94529c534cd,false,,false,,,,1,
97b98cbf-8d9e-4a5c-9a64-9bfa52ba07bc,7c4671ff-76ee-4a70-b912-6aa7354774ee,14,4,2026-03-30T13:36:46.652203+00:00,7716349a-8bb0-46c6-b60c-3594eb7ea60f,false,,,1,7c4671ff-76ee-4a70-b912-6aa7354774ee,false,,false,,,,1,
f21df197-0ba0-4839-8c3a-4ddcb4f4b683,47b6392b-6476-4a2b-897e-2347b126ab86,13,3,2026-03-30T13:37:43.100691+00:00,7716349a-8bb0-46c6-b60c-3594eb7ea60f,false,,,1,7c4671ff-76ee-4a70-b912-6aa7354774ee,false,,false,,,,1,
2f927241-80de-46e0-ab42-fb8f9c237836,3b88eb10-8515-40d0-8108-a94529c534cd,6,4,2026-03-30T13:41:31.214768+00:00,7716349a-8bb0-46c6-b60c-3594eb7ea60f,false,,,1,3b88eb10-8515-40d0-8108-a94529c534cd,false,,false,,,,1,
045bf343-8461-4139-87e7-4c371a489f3f,3b88eb10-8515-40d0-8108-a94529c534cd,7,4,2026-03-30T13:41:31.214768+00:00,7716349a-8bb0-46c6-b60c-3594eb7ea60f,false,,,1,3b88eb10-8515-40d0-8108-a94529c534cd,false,,false,,,,1,
e7286c64-16d5-47c7-a6d9-a383a712d098,3b88eb10-8515-40d0-8108-a94529c534cd,8,3,2026-03-30T13:41:31.214768+00:00,7716349a-8bb0-46c6-b60c-3594eb7ea60f,false,,,1,3b88eb10-8515-40d0-8108-a94529c534cd,false,,false,,,,1,
776dabf7-7339-471d-a6ac-5ac95e95aaad,3b88eb10-8515-40d0-8108-a94529c534cd,9,6,2026-03-30T13:41:31.214768+00:00,7716349a-8bb0-46c6-b60c-3594eb7ea60f,false,,,1,3b88eb10-8515-40d0-8108-a94529c534cd,false,,false,,,,1,
f546db0f-4bf2-4362-8744-69b38e240415,3b88eb10-8515-40d0-8108-a94529c534cd,10,4,2026-03-30T13:41:31.214768+00:00,7716349a-8bb0-46c6-b60c-3594eb7ea60f,false,,,1,3b88eb10-8515-40d0-8108-a94529c534cd,false,,false,,,,1,
4375405d-426d-41c9-ac12-fa07b17a7ce1,3b88eb10-8515-40d0-8108-a94529c534cd,11,3,2026-03-30T13:41:31.214768+00:00,7716349a-8bb0-46c6-b60c-3594eb7ea60f,false,,,1,3b88eb10-8515-40d0-8108-a94529c534cd,false,,false,,,,1,
756b5dee-2cc9-44a6-8d18-b092157dc523,3b88eb10-8515-40d0-8108-a94529c534cd,12,4,2026-03-30T13:41:31.214768+00:00,7716349a-8bb0-46c6-b60c-3594eb7ea60f,false,,,1,3b88eb10-8515-40d0-8108-a94529c534cd,false,,false,,,,1,
e0938f59-e058-4914-9495-4081580e588d,3b88eb10-8515-40d0-8108-a94529c534cd,13,4,2026-03-30T13:41:31.214768+00:00,7716349a-8bb0-46c6-b60c-3594eb7ea60f,false,,,1,3b88eb10-8515-40d0-8108-a94529c534cd,false,,false,,,,1,
68459c8b-f541-428d-86df-7d4cf325961e,3b88eb10-8515-40d0-8108-a94529c534cd,14,5,2026-03-30T13:41:31.214768+00:00,7716349a-8bb0-46c6-b60c-3594eb7ea60f,false,,,1,3b88eb10-8515-40d0-8108-a94529c534cd,false,,false,,,,1,
ed26f9f4-4f7b-476a-af85-7fdfcf5578db,3b88eb10-8515-40d0-8108-a94529c534cd,15,3,2026-03-30T13:41:31.214768+00:00,7716349a-8bb0-46c6-b60c-3594eb7ea60f,false,,,1,3b88eb10-8515-40d0-8108-a94529c534cd,false,,false,,,,1,
8cd7e02d-70cb-428a-8e92-e2d0800ebce4,3b88eb10-8515-40d0-8108-a94529c534cd,16,3,2026-03-30T13:41:31.214768+00:00,7716349a-8bb0-46c6-b60c-3594eb7ea60f,false,,,1,3b88eb10-8515-40d0-8108-a94529c534cd,false,,false,,,,1,
64b12cbd-d76f-47ed-9f01-4931bd7704b5,3b88eb10-8515-40d0-8108-a94529c534cd,17,5,2026-03-30T13:41:31.214768+00:00,7716349a-8bb0-46c6-b60c-3594eb7ea60f,false,,,1,3b88eb10-8515-40d0-8108-a94529c534cd,false,,false,,,,1,
4480a398-bf74-4ab8-a275-3db554e2797e,3b88eb10-8515-40d0-8108-a94529c534cd,18,4,2026-03-30T13:41:31.214768+00:00,7716349a-8bb0-46c6-b60c-3594eb7ea60f,false,,,1,3b88eb10-8515-40d0-8108-a94529c534cd,false,,false,,,,1,
8a0afa7a-7515-4bda-8ab3-b067025fb55e,5d110f0c-2f85-4f21-bfea-d8a96880f0f4,2,5,2026-03-30T13:50:15.54931+00:00,7716349a-8bb0-46c6-b60c-3594eb7ea60f,false,,,1,5d110f0c-2f85-4f21-bfea-d8a96880f0f4,false,,false,,,,1,5d110f0c-2f85-4f21-bfea-d8a96880f0f4
403a7c53-d72e-47bf-a6b7-ce9a152fc8bc,5d110f0c-2f85-4f21-bfea-d8a96880f0f4,6,3,2026-03-30T13:50:15.54931+00:00,7716349a-8bb0-46c6-b60c-3594eb7ea60f,false,,,1,5d110f0c-2f85-4f21-bfea-d8a96880f0f4,false,,false,,,,1,
f9d853ad-27a1-4554-b340-3c30a06b8011,5d110f0c-2f85-4f21-bfea-d8a96880f0f4,8,5,2026-03-30T13:50:15.54931+00:00,7716349a-8bb0-46c6-b60c-3594eb7ea60f,false,,,1,5d110f0c-2f85-4f21-bfea-d8a96880f0f4,false,,false,,,,1,
2ef585a4-5414-4b12-b396-d8c169390cd5,5d110f0c-2f85-4f21-bfea-d8a96880f0f4,9,5,2026-03-30T13:50:15.54931+00:00,7716349a-8bb0-46c6-b60c-3594eb7ea60f,false,,,1,5d110f0c-2f85-4f21-bfea-d8a96880f0f4,false,,false,,,,1,
76b88ddc-cdd6-41e9-bc72-48c83489ecf3,5d110f0c-2f85-4f21-bfea-d8a96880f0f4,10,4,2026-03-30T13:50:15.54931+00:00,7716349a-8bb0-46c6-b60c-3594eb7ea60f,false,,,1,5d110f0c-2f85-4f21-bfea-d8a96880f0f4,false,,false,,,,1,
fdcc99a9-10ef-4776-a73a-5755699e3021,5d110f0c-2f85-4f21-bfea-d8a96880f0f4,11,3,2026-03-30T13:50:15.54931+00:00,7716349a-8bb0-46c6-b60c-3594eb7ea60f,false,,,1,5d110f0c-2f85-4f21-bfea-d8a96880f0f4,false,,false,,,,1,
088f6e59-140f-4f7c-864c-60931e2c422c,5d110f0c-2f85-4f21-bfea-d8a96880f0f4,12,4,2026-03-30T13:50:15.54931+00:00,7716349a-8bb0-46c6-b60c-3594eb7ea60f,false,,,1,5d110f0c-2f85-4f21-bfea-d8a96880f0f4,false,,false,,,,1,
6218b907-4a9c-4724-a76e-4f80d133a854,5d110f0c-2f85-4f21-bfea-d8a96880f0f4,13,5,2026-03-30T13:50:15.54931+00:00,7716349a-8bb0-46c6-b60c-3594eb7ea60f,false,,,1,5d110f0c-2f85-4f21-bfea-d8a96880f0f4,false,,false,,,,1,
d3554389-883d-4e8b-a223-a825ccc538c2,5d110f0c-2f85-4f21-bfea-d8a96880f0f4,14,5,2026-03-30T13:50:15.54931+00:00,7716349a-8bb0-46c6-b60c-3594eb7ea60f,false,,,1,5d110f0c-2f85-4f21-bfea-d8a96880f0f4,false,,false,,,,1,
c46dcc24-ac71-4fb3-aa32-8dd9d76e0fcb,5d110f0c-2f85-4f21-bfea-d8a96880f0f4,15,3,2026-03-30T13:50:15.54931+00:00,7716349a-8bb0-46c6-b60c-3594eb7ea60f,false,,,1,5d110f0c-2f85-4f21-bfea-d8a96880f0f4,false,,false,,,,1,
d32b2985-acf9-4730-a1d5-015079bf48f6,5d110f0c-2f85-4f21-bfea-d8a96880f0f4,16,4,2026-03-30T13:50:15.54931+00:00,7716349a-8bb0-46c6-b60c-3594eb7ea60f,false,,,1,5d110f0c-2f85-4f21-bfea-d8a96880f0f4,false,,false,,,,1,
9bcebe28-549d-41d6-8800-fa690adbaa38,5d110f0c-2f85-4f21-bfea-d8a96880f0f4,17,5,2026-03-30T13:50:15.54931+00:00,7716349a-8bb0-46c6-b60c-3594eb7ea60f,false,,,1,5d110f0c-2f85-4f21-bfea-d8a96880f0f4,false,,false,,,,1,
3e104b47-ccdc-4d83-b568-e76ffac374ba,5d110f0c-2f85-4f21-bfea-d8a96880f0f4,18,4,2026-03-30T13:50:15.54931+00:00,7716349a-8bb0-46c6-b60c-3594eb7ea60f,false,,,1,5d110f0c-2f85-4f21-bfea-d8a96880f0f4,false,,false,,,,1,
619b03ba-ec2b-4be0-84b1-93fab5d65289,ce23d191-feba-4728-82f1-dc3429b95532,8,5,2026-03-30T14:19:06.489167+00:00,7716349a-8bb0-46c6-b60c-3594eb7ea60f,false,,,1,ce23d191-feba-4728-82f1-dc3429b95532,false,,false,,,,1,
e7fa8462-e0d2-44b6-9f6c-8da0d99fcbb6,2e22731c-34b3-4726-937a-18e90d4213a7,6,4,2026-03-30T14:41:18.103207+00:00,7716349a-8bb0-46c6-b60c-3594eb7ea60f,false,,,1,2e22731c-34b3-4726-937a-18e90d4213a7,false,,false,,,,1,
bcab1d02-a945-4ae4-9c68-7312961b767f,c9c44f56-2b25-4444-be7a-60dcb33140b2,4,3,2026-03-30T15:10:55.278222+00:00,7716349a-8bb0-46c6-b60c-3594eb7ea60f,false,,,1,c9c44f56-2b25-4444-be7a-60dcb33140b2,false,,false,,,,1,
4e38b530-b3a5-492a-891a-8899e6a59efa,c9c44f56-2b25-4444-be7a-60dcb33140b2,5,5,2026-03-30T15:10:55.278222+00:00,7716349a-8bb0-46c6-b60c-3594eb7ea60f,false,,,1,c9c44f56-2b25-4444-be7a-60dcb33140b2,false,,false,,,,1,
2e329554-3fd1-443d-a8ac-e146efc0be11,c9c44f56-2b25-4444-be7a-60dcb33140b2,6,6,2026-03-30T15:10:55.278222+00:00,7716349a-8bb0-46c6-b60c-3594eb7ea60f,false,,,1,c9c44f56-2b25-4444-be7a-60dcb33140b2,false,,false,,,,1,
c9b42201-efb8-401e-859a-752e9f01786d,c9c44f56-2b25-4444-be7a-60dcb33140b2,7,4,2026-03-30T15:10:55.278222+00:00,7716349a-8bb0-46c6-b60c-3594eb7ea60f,false,,,1,c9c44f56-2b25-4444-be7a-60dcb33140b2,false,,false,,,,1,
b4d76774-f7b1-40a4-ad63-09000cdcc742,c9c44f56-2b25-4444-be7a-60dcb33140b2,8,6,2026-03-30T15:10:55.278222+00:00,7716349a-8bb0-46c6-b60c-3594eb7ea60f,false,,,1,c9c44f56-2b25-4444-be7a-60dcb33140b2,false,,false,,,,1,
eba24c26-efe9-480b-be8a-f910a7d26204,e1cc61b9-4c31-4d8e-8bee-b567ce5cca28,11,3,2026-03-30T13:40:37.758989+00:00,7716349a-8bb0-46c6-b60c-3594eb7ea60f,false,,,1,e1cc61b9-4c31-4d8e-8bee-b567ce5cca28,false,,false,,,,1,
d4500560-73fa-479d-9d82-86421426433d,e1cc61b9-4c31-4d8e-8bee-b567ce5cca28,12,3,2026-03-30T13:40:37.758989+00:00,7716349a-8bb0-46c6-b60c-3594eb7ea60f,false,,,1,e1cc61b9-4c31-4d8e-8bee-b567ce5cca28,false,,false,,,,1,
a100b888-0922-4d23-abeb-7eeb7fffc172,21380286-b867-4919-83b5-08eaac386dfe,4,4,2026-03-30T11:04:25.004959+00:00,7716349a-8bb0-46c6-b60c-3594eb7ea60f,false,,,1,885a2ebf-a33e-44a1-a5dd-ef1922c7778b,false,,false,,,,1,
e10bacdb-071b-4693-9c39-b549a7d77b49,117030b2-c7c3-4bab-ac1d-2b3b81b2b9d1,4,4,2026-03-30T13:42:21.841183+00:00,7716349a-8bb0-46c6-b60c-3594eb7ea60f,false,,,1,117030b2-c7c3-4bab-ac1d-2b3b81b2b9d1,false,,false,,,,1,
0df86839-8144-4375-a487-ef388fb01f7f,885a2ebf-a33e-44a1-a5dd-ef1922c7778b,6,5,2026-03-30T12:55:36.745786+00:00,7716349a-8bb0-46c6-b60c-3594eb7ea60f,false,,,1,21380286-b867-4919-83b5-08eaac386dfe,false,,false,,,,1,
a65c39c2-2fee-4db3-b18a-1ac646b4b082,117030b2-c7c3-4bab-ac1d-2b3b81b2b9d1,5,4,2026-03-30T13:42:21.841183+00:00,7716349a-8bb0-46c6-b60c-3594eb7ea60f,false,,,1,117030b2-c7c3-4bab-ac1d-2b3b81b2b9d1,false,,false,,,,1,
376cf76c-7b97-4aad-b866-dddf53096da9,117030b2-c7c3-4bab-ac1d-2b3b81b2b9d1,6,4,2026-03-30T13:42:21.841183+00:00,7716349a-8bb0-46c6-b60c-3594eb7ea60f,false,,,1,117030b2-c7c3-4bab-ac1d-2b3b81b2b9d1,false,,false,,,,1,
ffab557e-01a5-4bdb-a8cc-dfc2dbc45fc6,117030b2-c7c3-4bab-ac1d-2b3b81b2b9d1,7,3,2026-03-30T13:42:21.841183+00:00,7716349a-8bb0-46c6-b60c-3594eb7ea60f,false,,,1,117030b2-c7c3-4bab-ac1d-2b3b81b2b9d1,false,,false,,,,1,
4505d35e-b864-4cd1-8a41-176d1538af6b,e0adbbeb-e7b5-42d4-9ba3-1d70c15bc9f5,5,4,2026-03-30T13:32:43.240922+00:00,7716349a-8bb0-46c6-b60c-3594eb7ea60f,false,,,1,e0adbbeb-e7b5-42d4-9ba3-1d70c15bc9f5,false,,false,,,,1,
e7b07a9c-6549-4c94-948d-78fadfe4a0db,e0adbbeb-e7b5-42d4-9ba3-1d70c15bc9f5,7,3,2026-03-30T13:32:43.240922+00:00,7716349a-8bb0-46c6-b60c-3594eb7ea60f,false,,,1,e0adbbeb-e7b5-42d4-9ba3-1d70c15bc9f5,false,,false,,,,1,
fcfa8908-9271-4143-ae39-8462c9182e23,117030b2-c7c3-4bab-ac1d-2b3b81b2b9d1,8,4,2026-03-30T13:42:21.841183+00:00,7716349a-8bb0-46c6-b60c-3594eb7ea60f,false,,,1,117030b2-c7c3-4bab-ac1d-2b3b81b2b9d1,false,,false,,,,1,
75b6b619-3bb1-4c7b-83c3-6eafebf01814,117030b2-c7c3-4bab-ac1d-2b3b81b2b9d1,9,5,2026-03-30T13:42:21.841183+00:00,7716349a-8bb0-46c6-b60c-3594eb7ea60f,false,,,1,117030b2-c7c3-4bab-ac1d-2b3b81b2b9d1,false,,false,,,,1,
e3ebe5a0-2e7c-4bf8-8ce0-76f3f8e0b534,0d19a809-374b-46bc-ac56-5d1417af6bbf,1,5,2026-03-30T13:35:49.819628+00:00,7716349a-8bb0-46c6-b60c-3594eb7ea60f,false,,,1,0d19a809-374b-46bc-ac56-5d1417af6bbf,false,,false,,,,1,
3ad9dd92-4183-4718-bc5e-684bdeb73498,0d19a809-374b-46bc-ac56-5d1417af6bbf,2,4,2026-03-30T13:35:49.819628+00:00,7716349a-8bb0-46c6-b60c-3594eb7ea60f,false,,,1,0d19a809-374b-46bc-ac56-5d1417af6bbf,false,,false,,,,1,
ff01a49d-21f6-483c-b61e-3b63b7c58779,0d19a809-374b-46bc-ac56-5d1417af6bbf,3,4,2026-03-30T13:35:49.819628+00:00,7716349a-8bb0-46c6-b60c-3594eb7ea60f,false,,,1,0d19a809-374b-46bc-ac56-5d1417af6bbf,false,,false,,,,1,
d1cc9dff-4262-4664-8a02-0e7458b00e01,117030b2-c7c3-4bab-ac1d-2b3b81b2b9d1,10,5,2026-03-30T13:42:21.841183+00:00,7716349a-8bb0-46c6-b60c-3594eb7ea60f,false,,,1,117030b2-c7c3-4bab-ac1d-2b3b81b2b9d1,false,,false,,,,1,
a0b57994-7185-4fab-ba24-9cf1f7976910,117030b2-c7c3-4bab-ac1d-2b3b81b2b9d1,11,3,2026-03-30T13:42:21.841183+00:00,7716349a-8bb0-46c6-b60c-3594eb7ea60f,false,,,1,117030b2-c7c3-4bab-ac1d-2b3b81b2b9d1,false,,false,,,,1,
558cd3ca-c1cd-41ed-b5cb-e9c9bd9a5d25,0d19a809-374b-46bc-ac56-5d1417af6bbf,4,3,2026-03-30T13:35:49.819628+00:00,7716349a-8bb0-46c6-b60c-3594eb7ea60f,false,,,1,0d19a809-374b-46bc-ac56-5d1417af6bbf,false,,false,,,,1,
59ca1ab3-d00a-471e-a925-3cd7f0de6ad2,0d19a809-374b-46bc-ac56-5d1417af6bbf,5,3,2026-03-30T13:35:49.819628+00:00,7716349a-8bb0-46c6-b60c-3594eb7ea60f,false,,,1,0d19a809-374b-46bc-ac56-5d1417af6bbf,false,,false,,,,1,
95ba93bc-78b1-4b6f-b8b2-bcbeee50d8aa,0d19a809-374b-46bc-ac56-5d1417af6bbf,6,4,2026-03-30T13:35:49.819628+00:00,7716349a-8bb0-46c6-b60c-3594eb7ea60f,false,,,1,0d19a809-374b-46bc-ac56-5d1417af6bbf,false,,false,,,,1,
92e6e692-ef7b-45a0-adf8-6fba234d6384,0d19a809-374b-46bc-ac56-5d1417af6bbf,7,3,2026-03-30T13:35:49.819628+00:00,7716349a-8bb0-46c6-b60c-3594eb7ea60f,false,,,1,0d19a809-374b-46bc-ac56-5d1417af6bbf,false,,false,,,,1,
c92b188b-4a71-46d0-8c04-2c7a540a4dac,0d19a809-374b-46bc-ac56-5d1417af6bbf,8,5,2026-03-30T13:35:49.819628+00:00,7716349a-8bb0-46c6-b60c-3594eb7ea60f,false,,,1,0d19a809-374b-46bc-ac56-5d1417af6bbf,false,,false,,,,1,
dd15e03c-8388-4c06-a08a-40cca9bccd0d,0d19a809-374b-46bc-ac56-5d1417af6bbf,9,5,2026-03-30T13:35:49.819628+00:00,7716349a-8bb0-46c6-b60c-3594eb7ea60f,false,,,1,0d19a809-374b-46bc-ac56-5d1417af6bbf,false,,false,,,,1,
b093086c-94df-44e0-9f15-ab416d6bb3ce,0d19a809-374b-46bc-ac56-5d1417af6bbf,10,3,2026-03-30T13:35:49.819628+00:00,7716349a-8bb0-46c6-b60c-3594eb7ea60f,false,,,1,0d19a809-374b-46bc-ac56-5d1417af6bbf,false,,false,,,,1,
520d3488-c20c-4d72-8576-55e3a5905b31,0d19a809-374b-46bc-ac56-5d1417af6bbf,11,2,2026-03-30T13:35:49.819628+00:00,7716349a-8bb0-46c6-b60c-3594eb7ea60f,false,,,1,0d19a809-374b-46bc-ac56-5d1417af6bbf,false,,false,,,,1,
a565b82f-2b75-4a03-ad4e-83fcdd66f388,0d19a809-374b-46bc-ac56-5d1417af6bbf,12,4,2026-03-30T13:35:49.819628+00:00,7716349a-8bb0-46c6-b60c-3594eb7ea60f,false,,,1,0d19a809-374b-46bc-ac56-5d1417af6bbf,false,,false,,,,1,
7284ee71-6d17-4ad9-974c-063b41406768,0d19a809-374b-46bc-ac56-5d1417af6bbf,13,4,2026-03-30T13:35:49.819628+00:00,7716349a-8bb0-46c6-b60c-3594eb7ea60f,false,,,1,0d19a809-374b-46bc-ac56-5d1417af6bbf,false,,false,,,,1,
47f1f845-d3d8-4e95-bb59-58b40abca41a,0d19a809-374b-46bc-ac56-5d1417af6bbf,14,4,2026-03-30T13:35:49.819628+00:00,7716349a-8bb0-46c6-b60c-3594eb7ea60f,false,,,1,0d19a809-374b-46bc-ac56-5d1417af6bbf,false,,false,,,,1,
8bd05056-6193-4efd-a1d4-091b579322b0,0d19a809-374b-46bc-ac56-5d1417af6bbf,15,3,2026-03-30T13:35:49.819628+00:00,7716349a-8bb0-46c6-b60c-3594eb7ea60f,false,,,1,0d19a809-374b-46bc-ac56-5d1417af6bbf,false,,false,,,,1,
3eff87fc-b668-42cf-a01a-09de54266bd9,0d19a809-374b-46bc-ac56-5d1417af6bbf,16,3,2026-03-30T13:35:49.819628+00:00,7716349a-8bb0-46c6-b60c-3594eb7ea60f,false,,,1,0d19a809-374b-46bc-ac56-5d1417af6bbf,false,,false,,,,1,
a641bd5c-6dfe-4ee9-8dbb-6515f92eaa9d,0d19a809-374b-46bc-ac56-5d1417af6bbf,17,5,2026-03-30T13:35:49.819628+00:00,7716349a-8bb0-46c6-b60c-3594eb7ea60f,false,,,1,0d19a809-374b-46bc-ac56-5d1417af6bbf,false,,false,,,,1,
32c321ce-4f85-4ac5-85fc-dc25463effde,0d19a809-374b-46bc-ac56-5d1417af6bbf,18,4,2026-03-30T13:35:49.819628+00:00,7716349a-8bb0-46c6-b60c-3594eb7ea60f,false,,,1,0d19a809-374b-46bc-ac56-5d1417af6bbf,false,,false,,,,1,
0dd05a11-eae9-4a81-9b54-f23c324626ce,7c4671ff-76ee-4a70-b912-6aa7354774ee,12,4,2026-03-30T13:36:46.652203+00:00,7716349a-8bb0-46c6-b60c-3594eb7ea60f,false,,,1,7c4671ff-76ee-4a70-b912-6aa7354774ee,false,,false,,,,1,
6d1d5c6a-3940-4d14-807a-4b139650c60d,7c4671ff-76ee-4a70-b912-6aa7354774ee,16,4,2026-03-30T13:36:46.652203+00:00,7716349a-8bb0-46c6-b60c-3594eb7ea60f,false,,,1,7c4671ff-76ee-4a70-b912-6aa7354774ee,false,,false,,,,1,
57d7af09-04f0-4752-b822-3adda1a06840,47b6392b-6476-4a2b-897e-2347b126ab86,14,5,2026-03-30T13:37:43.100691+00:00,7716349a-8bb0-46c6-b60c-3594eb7ea60f,false,,,1,7c4671ff-76ee-4a70-b912-6aa7354774ee,false,,false,,,,1,
d0641941-fe19-42d4-83af-873b4e8f658d,47b6392b-6476-4a2b-897e-2347b126ab86,15,3,2026-03-30T13:37:43.100691+00:00,7716349a-8bb0-46c6-b60c-3594eb7ea60f,false,,,1,7c4671ff-76ee-4a70-b912-6aa7354774ee,false,,false,,,,1,
049b3ac9-d82d-45f6-8ff0-e14ba102084e,117030b2-c7c3-4bab-ac1d-2b3b81b2b9d1,12,5,2026-03-30T13:42:21.841183+00:00,7716349a-8bb0-46c6-b60c-3594eb7ea60f,false,,,1,117030b2-c7c3-4bab-ac1d-2b3b81b2b9d1,false,,false,,,,1,
bbaa0f8c-c86c-4013-a4c4-affcddf3eb6a,117030b2-c7c3-4bab-ac1d-2b3b81b2b9d1,13,4,2026-03-30T13:42:21.841183+00:00,7716349a-8bb0-46c6-b60c-3594eb7ea60f,false,,,1,117030b2-c7c3-4bab-ac1d-2b3b81b2b9d1,false,,false,,,,1,
b267e489-3ad2-4146-b209-d79fcc25893c,117030b2-c7c3-4bab-ac1d-2b3b81b2b9d1,14,4,2026-03-30T13:42:21.841183+00:00,7716349a-8bb0-46c6-b60c-3594eb7ea60f,false,,,1,117030b2-c7c3-4bab-ac1d-2b3b81b2b9d1,false,,false,,,,1,
00754da6-6bd1-4a74-904a-4e8332e21327,117030b2-c7c3-4bab-ac1d-2b3b81b2b9d1,15,4,2026-03-30T13:42:21.841183+00:00,7716349a-8bb0-46c6-b60c-3594eb7ea60f,false,,,1,117030b2-c7c3-4bab-ac1d-2b3b81b2b9d1,false,,false,,,,1,
cc0dd36d-05ab-4b94-a6b0-fb028c4b1baf,117030b2-c7c3-4bab-ac1d-2b3b81b2b9d1,16,4,2026-03-30T13:42:21.841183+00:00,7716349a-8bb0-46c6-b60c-3594eb7ea60f,false,,,1,117030b2-c7c3-4bab-ac1d-2b3b81b2b9d1,false,,false,,,,1,
b7d1556c-7d37-46f3-acb7-f018fed55af7,117030b2-c7c3-4bab-ac1d-2b3b81b2b9d1,17,4,2026-03-30T13:42:21.841183+00:00,7716349a-8bb0-46c6-b60c-3594eb7ea60f,false,,,1,117030b2-c7c3-4bab-ac1d-2b3b81b2b9d1,false,,false,,,,1,
750e3dab-3fd5-40b1-9793-44c3ce821f2b,117030b2-c7c3-4bab-ac1d-2b3b81b2b9d1,18,5,2026-03-30T13:42:21.841183+00:00,7716349a-8bb0-46c6-b60c-3594eb7ea60f,false,,,1,117030b2-c7c3-4bab-ac1d-2b3b81b2b9d1,false,,false,,,,1,
a79a537c-e280-470c-99c3-81213dc4982c,19b44c8b-f73c-464f-a197-236cf91f225b,11,4,2026-03-30T13:45:57.834424+00:00,7716349a-8bb0-46c6-b60c-3594eb7ea60f,false,,,1,4d134271-956f-42fd-95ea-0a6b725123e6,false,,false,,,,1,
c3c30568-ca0e-40f6-aaa1-98b68579d3a8,4d134271-956f-42fd-95ea-0a6b725123e6,10,4,2026-03-30T13:49:09.297106+00:00,7716349a-8bb0-46c6-b60c-3594eb7ea60f,false,,,1,4d134271-956f-42fd-95ea-0a6b725123e6,false,,false,,,,1,
e10bbf8f-6146-40f4-abb8-50e6f893626d,4d134271-956f-42fd-95ea-0a6b725123e6,11,4,2026-03-30T13:49:09.297106+00:00,7716349a-8bb0-46c6-b60c-3594eb7ea60f,false,,,1,4d134271-956f-42fd-95ea-0a6b725123e6,false,,false,,,,1,
40b7ffa6-02da-4c6c-9ffc-3eea0df71b2d,ce23d191-feba-4728-82f1-dc3429b95532,7,4,2026-03-30T14:19:06.489167+00:00,7716349a-8bb0-46c6-b60c-3594eb7ea60f,false,,,1,ce23d191-feba-4728-82f1-dc3429b95532,false,,false,,,,1,
50ce3f43-fed5-4fda-95b5-0d9862a78bba,e5564605-a162-4973-b880-2fa2245b8a54,8,5,2026-03-30T14:20:54.103514+00:00,7716349a-8bb0-46c6-b60c-3594eb7ea60f,false,,,1,ce23d191-feba-4728-82f1-dc3429b95532,false,,false,,,,1,
4f17df7d-d6d4-41fa-89d2-cc187a510f12,e5564605-a162-4973-b880-2fa2245b8a54,10,5,2026-03-30T14:20:54.103514+00:00,7716349a-8bb0-46c6-b60c-3594eb7ea60f,false,,,1,e5564605-a162-4973-b880-2fa2245b8a54,false,,false,,,,1,
7b3cf852-9c28-4a30-86fe-79dacf96c605,9d71aa32-e0cc-4394-b494-f2cca4e7d382,4,5,2026-03-30T14:42:47.173181+00:00,7716349a-8bb0-46c6-b60c-3594eb7ea60f,false,,,1,9d71aa32-e0cc-4394-b494-f2cca4e7d382,false,,false,,,,1,
3ea5cdca-42f3-42bf-a00b-a32f3058e26d,9d71aa32-e0cc-4394-b494-f2cca4e7d382,5,5,2026-03-30T14:42:47.173181+00:00,7716349a-8bb0-46c6-b60c-3594eb7ea60f,false,,,1,9d71aa32-e0cc-4394-b494-f2cca4e7d382,false,,false,,,,1,
1feae9aa-d61e-442f-9bdb-f9e6213ef61a,9d71aa32-e0cc-4394-b494-f2cca4e7d382,6,5,2026-03-30T14:42:47.173181+00:00,7716349a-8bb0-46c6-b60c-3594eb7ea60f,false,,,1,2e22731c-34b3-4726-937a-18e90d4213a7,false,,false,,,,1,
088b35d8-fbfe-4d52-88e4-3712ad7fbc46,9d71aa32-e0cc-4394-b494-f2cca4e7d382,7,3,2026-03-30T14:42:47.173181+00:00,7716349a-8bb0-46c6-b60c-3594eb7ea60f,false,,,1,9d71aa32-e0cc-4394-b494-f2cca4e7d382,false,,false,,,,1,
3d7cb434-59a8-4e5e-9172-20ee927a8b96,9d71aa32-e0cc-4394-b494-f2cca4e7d382,8,6,2026-03-30T14:42:47.173181+00:00,7716349a-8bb0-46c6-b60c-3594eb7ea60f,false,,,1,9d71aa32-e0cc-4394-b494-f2cca4e7d382,false,,false,,,,1,
8c50011f-36d0-4bd4-a966-b59632553ebd,9d71aa32-e0cc-4394-b494-f2cca4e7d382,9,6,2026-03-30T14:42:47.173181+00:00,7716349a-8bb0-46c6-b60c-3594eb7ea60f,false,,,1,9d71aa32-e0cc-4394-b494-f2cca4e7d382,false,,false,,,,1,
a47d30dd-e067-4302-a522-752cfbcdada5,9d71aa32-e0cc-4394-b494-f2cca4e7d382,10,5,2026-03-30T14:42:47.173181+00:00,7716349a-8bb0-46c6-b60c-3594eb7ea60f,false,,,1,9d71aa32-e0cc-4394-b494-f2cca4e7d382,false,,false,,,,1,
f8f853df-d692-4f62-87e2-a898539711d3,9d71aa32-e0cc-4394-b494-f2cca4e7d382,11,3,2026-03-30T14:42:47.173181+00:00,7716349a-8bb0-46c6-b60c-3594eb7ea60f,false,,,1,9d71aa32-e0cc-4394-b494-f2cca4e7d382,false,,false,,,,1,
e87c261f-95d5-46e7-8cb2-3f44987ca377,9d71aa32-e0cc-4394-b494-f2cca4e7d382,12,4,2026-03-30T14:42:47.173181+00:00,7716349a-8bb0-46c6-b60c-3594eb7ea60f,false,,,1,9d71aa32-e0cc-4394-b494-f2cca4e7d382,false,,false,,,,1,
d886f152-09e9-4d73-9fc7-a325d6d24a1e,9d71aa32-e0cc-4394-b494-f2cca4e7d382,13,4,2026-03-30T14:42:47.173181+00:00,7716349a-8bb0-46c6-b60c-3594eb7ea60f,false,,,1,9d71aa32-e0cc-4394-b494-f2cca4e7d382,false,,false,,,,1,
891e750a-114f-4b5d-8a95-8fe4d803af84,c9c44f56-2b25-4444-be7a-60dcb33140b2,18,5,2026-03-30T15:10:55.278222+00:00,7716349a-8bb0-46c6-b60c-3594eb7ea60f,false,,,1,c9c44f56-2b25-4444-be7a-60dcb33140b2,false,,false,,,,1,
4e155c84-7438-4944-b83d-f69b92d96c0d,6edb8092-3291-45fa-8651-a88b460512ad,4,5,2026-03-30T13:43:17.914795+00:00,7716349a-8bb0-46c6-b60c-3594eb7ea60f,false,,,1,6edb8092-3291-45fa-8651-a88b460512ad,false,,false,,,,1,
3877ee29-ce22-4bfc-ad31-6c2385df5a0c,6edb8092-3291-45fa-8651-a88b460512ad,5,4,2026-03-30T13:43:17.914795+00:00,7716349a-8bb0-46c6-b60c-3594eb7ea60f,false,,,1,6edb8092-3291-45fa-8651-a88b460512ad,false,,false,,,,1,
8b2cafbc-9aef-42ad-b692-9970a2e23e3b,6edb8092-3291-45fa-8651-a88b460512ad,6,5,2026-03-30T13:43:17.914795+00:00,7716349a-8bb0-46c6-b60c-3594eb7ea60f,false,,,1,6edb8092-3291-45fa-8651-a88b460512ad,false,,false,,,,1,
3f3e8ef0-5c3a-41d0-b8a3-17125be56392,885a2ebf-a33e-44a1-a5dd-ef1922c7778b,7,4,2026-03-30T12:55:36.745786+00:00,7716349a-8bb0-46c6-b60c-3594eb7ea60f,false,,,1,885a2ebf-a33e-44a1-a5dd-ef1922c7778b,false,,false,,,,1,
1c45bc1e-288b-4c08-bc76-3cc42db25f44,6edb8092-3291-45fa-8651-a88b460512ad,7,3,2026-03-30T13:43:17.914795+00:00,7716349a-8bb0-46c6-b60c-3594eb7ea60f,false,,,1,6edb8092-3291-45fa-8651-a88b460512ad,false,,false,,,,1,
cdebaae8-6bf4-4b0a-859c-c7df15430749,6edb8092-3291-45fa-8651-a88b460512ad,8,5,2026-03-30T13:43:17.914795+00:00,7716349a-8bb0-46c6-b60c-3594eb7ea60f,false,,,1,6edb8092-3291-45fa-8651-a88b460512ad,false,,false,,,,1,
bf25dfe6-c3cd-4fd3-9324-f9df5b439a79,d3d57160-318c-4c35-bb5c-de5a5f07d0e7,7,2,2026-03-30T13:31:35.896064+00:00,7716349a-8bb0-46c6-b60c-3594eb7ea60f,false,,,1,e0adbbeb-e7b5-42d4-9ba3-1d70c15bc9f5,false,,false,,,,1,
ea915624-c4dd-49ba-9df9-9453bb55aef9,6edb8092-3291-45fa-8651-a88b460512ad,9,7,2026-03-30T13:43:17.914795+00:00,7716349a-8bb0-46c6-b60c-3594eb7ea60f,false,,,1,6edb8092-3291-45fa-8651-a88b460512ad,false,,false,,,,1,
de8540ee-8c89-4bb8-afdb-d3b0d8435c81,db214db6-5b8c-432b-a14b-322a17f0f720,9,9,2026-03-30T13:34:39.532485+00:00,7716349a-8bb0-46c6-b60c-3594eb7ea60f,false,,,1,db214db6-5b8c-432b-a14b-322a17f0f720,false,,false,,,,1,
c160029a-6939-4c57-9157-900b079ac872,7c4671ff-76ee-4a70-b912-6aa7354774ee,2,4,2026-03-30T13:36:46.652203+00:00,7716349a-8bb0-46c6-b60c-3594eb7ea60f,false,,,1,7c4671ff-76ee-4a70-b912-6aa7354774ee,false,,false,,,,1,7c4671ff-76ee-4a70-b912-6aa7354774ee
05451524-3e26-4577-8565-4985875806bb,21380286-b867-4919-83b5-08eaac386dfe,6,5,2026-03-30T11:35:01.418498+00:00,7716349a-8bb0-46c6-b60c-3594eb7ea60f,false,,,1,21380286-b867-4919-83b5-08eaac386dfe,false,,false,,,,1,
bde7d683-a788-47a2-91df-bcbc9da7c08e,6edb8092-3291-45fa-8651-a88b460512ad,10,5,2026-03-30T13:43:17.914795+00:00,7716349a-8bb0-46c6-b60c-3594eb7ea60f,false,,,1,6edb8092-3291-45fa-8651-a88b460512ad,false,,false,,,,1,
62b3b7b8-91bf-4dd3-8049-b6ab3f194a64,6edb8092-3291-45fa-8651-a88b460512ad,11,4,2026-03-30T13:43:17.914795+00:00,7716349a-8bb0-46c6-b60c-3594eb7ea60f,false,,,1,6edb8092-3291-45fa-8651-a88b460512ad,false,,false,,,,1,
0490d4e4-3404-4d0f-9bb2-94fc7189a5a1,6edb8092-3291-45fa-8651-a88b460512ad,12,4,2026-03-30T13:43:17.914795+00:00,7716349a-8bb0-46c6-b60c-3594eb7ea60f,false,,,1,6edb8092-3291-45fa-8651-a88b460512ad,false,,false,,,,1,
a9afebf2-f679-4261-b730-4aebfa9ab933,7c4671ff-76ee-4a70-b912-6aa7354774ee,9,5,2026-03-30T13:36:46.652203+00:00,7716349a-8bb0-46c6-b60c-3594eb7ea60f,false,,,1,7c4671ff-76ee-4a70-b912-6aa7354774ee,false,,false,,,,1,
1aac90e4-2186-4dca-a287-7c75c124c911,7c4671ff-76ee-4a70-b912-6aa7354774ee,15,2,2026-03-30T13:36:46.652203+00:00,7716349a-8bb0-46c6-b60c-3594eb7ea60f,false,,,1,7c4671ff-76ee-4a70-b912-6aa7354774ee,false,,false,,,,1,
bff60efd-0c17-466c-a36d-cb1ab86eb9cc,7c4671ff-76ee-4a70-b912-6aa7354774ee,17,5,2026-03-30T13:36:46.652203+00:00,7716349a-8bb0-46c6-b60c-3594eb7ea60f,false,,,1,7c4671ff-76ee-4a70-b912-6aa7354774ee,false,,false,,,,1,
2a9d1f69-6234-450e-9f25-a5d043bd3315,7c4671ff-76ee-4a70-b912-6aa7354774ee,18,4,2026-03-30T13:36:46.652203+00:00,7716349a-8bb0-46c6-b60c-3594eb7ea60f,false,,,1,7c4671ff-76ee-4a70-b912-6aa7354774ee,false,,false,,,,1,
aaedfc7a-9a19-40db-94cd-17ca50f8a1de,47b6392b-6476-4a2b-897e-2347b126ab86,12,4,2026-03-30T13:37:43.100691+00:00,7716349a-8bb0-46c6-b60c-3594eb7ea60f,false,,,1,7c4671ff-76ee-4a70-b912-6aa7354774ee,false,,false,,,,1,
bbd650c8-2dbe-46bc-aeed-f747dcfc9654,47b6392b-6476-4a2b-897e-2347b126ab86,16,4,2026-03-30T13:37:43.100691+00:00,7716349a-8bb0-46c6-b60c-3594eb7ea60f,false,,,1,7c4671ff-76ee-4a70-b912-6aa7354774ee,false,,false,,,,1,
f6298ec9-00a4-479c-8e37-85b500dbfe2b,6edb8092-3291-45fa-8651-a88b460512ad,13,4,2026-03-30T13:43:17.914795+00:00,7716349a-8bb0-46c6-b60c-3594eb7ea60f,false,,,1,6edb8092-3291-45fa-8651-a88b460512ad,false,,false,,,,1,
69fdde9b-79c7-4ff8-95fe-12bc65a48561,6edb8092-3291-45fa-8651-a88b460512ad,14,5,2026-03-30T13:43:17.914795+00:00,7716349a-8bb0-46c6-b60c-3594eb7ea60f,false,,,1,6edb8092-3291-45fa-8651-a88b460512ad,false,,false,,,,1,
b5106903-e801-48a8-9ec0-a056ebcf5bdc,6edb8092-3291-45fa-8651-a88b460512ad,15,4,2026-03-30T13:43:17.914795+00:00,7716349a-8bb0-46c6-b60c-3594eb7ea60f,false,,,1,6edb8092-3291-45fa-8651-a88b460512ad,false,,false,,,,1,
52a9b7b3-1b38-463c-9e61-f44d7de66919,6edb8092-3291-45fa-8651-a88b460512ad,16,4,2026-03-30T13:43:17.914795+00:00,7716349a-8bb0-46c6-b60c-3594eb7ea60f,false,,,1,6edb8092-3291-45fa-8651-a88b460512ad,false,,false,,,,1,
b1ac945d-0816-45fc-8a46-fd0405ce3e2c,6edb8092-3291-45fa-8651-a88b460512ad,17,4,2026-03-30T13:43:17.914795+00:00,7716349a-8bb0-46c6-b60c-3594eb7ea60f,false,,,1,6edb8092-3291-45fa-8651-a88b460512ad,false,,false,,,,1,
01576501-6d75-467f-89e3-8c87be8a0137,6edb8092-3291-45fa-8651-a88b460512ad,18,4,2026-03-30T13:43:17.914795+00:00,7716349a-8bb0-46c6-b60c-3594eb7ea60f,false,,,1,6edb8092-3291-45fa-8651-a88b460512ad,false,,false,,,,1,
803ceeb9-35bc-48f1-8109-32a812a25569,b0f8374f-c18d-481e-852b-dfa6aa011ac8,4,3,2026-03-30T13:44:11.968304+00:00,7716349a-8bb0-46c6-b60c-3594eb7ea60f,false,,,1,b0f8374f-c18d-481e-852b-dfa6aa011ac8,false,,false,,,,1,
da97e162-8fff-4128-80bb-80ce6389a7e9,b0f8374f-c18d-481e-852b-dfa6aa011ac8,5,4,2026-03-30T13:44:11.968304+00:00,7716349a-8bb0-46c6-b60c-3594eb7ea60f,false,,,1,b0f8374f-c18d-481e-852b-dfa6aa011ac8,false,,false,,,,1,
72e65066-c2f1-4b40-afa7-ffe261bd899d,b0f8374f-c18d-481e-852b-dfa6aa011ac8,6,4,2026-03-30T13:44:11.968304+00:00,7716349a-8bb0-46c6-b60c-3594eb7ea60f,false,,,1,b0f8374f-c18d-481e-852b-dfa6aa011ac8,false,,false,,,,1,
a0d01977-ee75-49de-9d18-51de586814dd,b0f8374f-c18d-481e-852b-dfa6aa011ac8,7,3,2026-03-30T13:44:11.968304+00:00,7716349a-8bb0-46c6-b60c-3594eb7ea60f,false,,,1,b0f8374f-c18d-481e-852b-dfa6aa011ac8,false,,false,,,,1,
0334be6a-bd0e-4500-9574-dd8fe18b9ceb,b0f8374f-c18d-481e-852b-dfa6aa011ac8,8,4,2026-03-30T13:44:11.968304+00:00,7716349a-8bb0-46c6-b60c-3594eb7ea60f,false,,,1,b0f8374f-c18d-481e-852b-dfa6aa011ac8,false,,false,,,,1,
79f81d87-aaec-46dc-a478-f6e1cfb76dd4,b0f8374f-c18d-481e-852b-dfa6aa011ac8,9,5,2026-03-30T13:44:11.968304+00:00,7716349a-8bb0-46c6-b60c-3594eb7ea60f,false,,,1,b0f8374f-c18d-481e-852b-dfa6aa011ac8,false,,false,,,,1,
c3da0f39-fe14-4551-a1ee-4d8a72cd8f5c,b0f8374f-c18d-481e-852b-dfa6aa011ac8,10,5,2026-03-30T13:44:11.968304+00:00,7716349a-8bb0-46c6-b60c-3594eb7ea60f,false,,,1,b0f8374f-c18d-481e-852b-dfa6aa011ac8,false,,false,,,,1,
d40e7d11-a4f4-4aa1-950f-aead805ef856,b0f8374f-c18d-481e-852b-dfa6aa011ac8,11,3,2026-03-30T13:44:11.968304+00:00,7716349a-8bb0-46c6-b60c-3594eb7ea60f,false,,,1,b0f8374f-c18d-481e-852b-dfa6aa011ac8,false,,false,,,,1,
948df0cc-b8fc-4a18-86e6-28fc2318de36,b0f8374f-c18d-481e-852b-dfa6aa011ac8,12,4,2026-03-30T13:44:11.968304+00:00,7716349a-8bb0-46c6-b60c-3594eb7ea60f,false,,,1,b0f8374f-c18d-481e-852b-dfa6aa011ac8,false,,false,,,,1,
ab8100f6-2f56-46bd-9d24-81d331c3883f,b0f8374f-c18d-481e-852b-dfa6aa011ac8,13,5,2026-03-30T13:44:11.968304+00:00,7716349a-8bb0-46c6-b60c-3594eb7ea60f,false,,,1,b0f8374f-c18d-481e-852b-dfa6aa011ac8,false,,false,,,,1,
39060dfd-c83a-41f5-bd4e-d6f38803497d,b0f8374f-c18d-481e-852b-dfa6aa011ac8,14,4,2026-03-30T13:44:11.968304+00:00,7716349a-8bb0-46c6-b60c-3594eb7ea60f,false,,,1,b0f8374f-c18d-481e-852b-dfa6aa011ac8,false,,false,,,,1,
48317402-ce1e-4ead-b4bc-e59b617e480f,b0f8374f-c18d-481e-852b-dfa6aa011ac8,15,4,2026-03-30T13:44:11.968304+00:00,7716349a-8bb0-46c6-b60c-3594eb7ea60f,false,,,1,b0f8374f-c18d-481e-852b-dfa6aa011ac8,false,,false,,,,1,
c7f93c24-07f2-449e-8936-8c0f25a61662,b0f8374f-c18d-481e-852b-dfa6aa011ac8,16,3,2026-03-30T13:44:11.968304+00:00,7716349a-8bb0-46c6-b60c-3594eb7ea60f,false,,,1,b0f8374f-c18d-481e-852b-dfa6aa011ac8,false,,false,,,,1,
f08e5916-e57b-4876-9d1c-09cc91a37317,b0f8374f-c18d-481e-852b-dfa6aa011ac8,17,5,2026-03-30T13:44:11.968304+00:00,7716349a-8bb0-46c6-b60c-3594eb7ea60f,false,,,1,b0f8374f-c18d-481e-852b-dfa6aa011ac8,false,,false,,,,1,
47f0f3b0-4523-4419-9776-2b4c96702fb1,b0f8374f-c18d-481e-852b-dfa6aa011ac8,18,4,2026-03-30T13:44:11.968304+00:00,7716349a-8bb0-46c6-b60c-3594eb7ea60f,false,,,1,b0f8374f-c18d-481e-852b-dfa6aa011ac8,false,,false,,,,1,
38287ca0-0f9e-463c-a848-ba09dd067805,ce23d191-feba-4728-82f1-dc3429b95532,5,4,2026-03-30T14:19:06.489167+00:00,7716349a-8bb0-46c6-b60c-3594eb7ea60f,false,,,1,ce23d191-feba-4728-82f1-dc3429b95532,false,,false,,,,1,
9dedf298-6820-4761-9631-2ea53612c19e,ce23d191-feba-4728-82f1-dc3429b95532,10,5,2026-03-30T14:19:06.489167+00:00,7716349a-8bb0-46c6-b60c-3594eb7ea60f,false,,,1,ce23d191-feba-4728-82f1-dc3429b95532,false,,false,,,,1,
3ac82407-06e1-4431-b7f1-9319b2f0e273,ce23d191-feba-4728-82f1-dc3429b95532,11,4,2026-03-30T14:19:06.489167+00:00,7716349a-8bb0-46c6-b60c-3594eb7ea60f,false,,,1,ce23d191-feba-4728-82f1-dc3429b95532,false,,false,,,,1,
48929b9d-e14d-4747-9738-c376e965e43b,ce23d191-feba-4728-82f1-dc3429b95532,12,4,2026-03-30T14:19:06.489167+00:00,7716349a-8bb0-46c6-b60c-3594eb7ea60f,false,,,1,ce23d191-feba-4728-82f1-dc3429b95532,false,,false,,,,1,
b99784ad-96ed-4403-9692-cd940a68ebfc,ce23d191-feba-4728-82f1-dc3429b95532,13,4,2026-03-30T14:19:06.489167+00:00,7716349a-8bb0-46c6-b60c-3594eb7ea60f,false,,,1,ce23d191-feba-4728-82f1-dc3429b95532,false,,false,,,,1,
50d10253-7207-4ea1-8845-844768f4767e,ce23d191-feba-4728-82f1-dc3429b95532,14,5,2026-03-30T14:19:06.489167+00:00,7716349a-8bb0-46c6-b60c-3594eb7ea60f,false,,,1,ce23d191-feba-4728-82f1-dc3429b95532,false,,false,,,,1,
f896d326-40e7-4754-9a21-27c7b50a10d3,ce23d191-feba-4728-82f1-dc3429b95532,15,3,2026-03-30T14:19:06.489167+00:00,7716349a-8bb0-46c6-b60c-3594eb7ea60f,false,,,1,ce23d191-feba-4728-82f1-dc3429b95532,false,,false,,,,1,
edd56636-e0ee-49a5-8fae-df9ba56e506b,ce23d191-feba-4728-82f1-dc3429b95532,16,4,2026-03-30T14:19:06.489167+00:00,7716349a-8bb0-46c6-b60c-3594eb7ea60f,false,,,1,ce23d191-feba-4728-82f1-dc3429b95532,false,,false,,,,1,
551d9776-7159-423a-ba53-3cce0bb0a881,ce23d191-feba-4728-82f1-dc3429b95532,17,6,2026-03-30T14:19:06.489167+00:00,7716349a-8bb0-46c6-b60c-3594eb7ea60f,false,,,1,ce23d191-feba-4728-82f1-dc3429b95532,false,,false,,,,1,
de34627b-076c-48b7-a77d-698eb824378b,ce23d191-feba-4728-82f1-dc3429b95532,18,5,2026-03-30T14:19:06.489167+00:00,7716349a-8bb0-46c6-b60c-3594eb7ea60f,false,,,1,ce23d191-feba-4728-82f1-dc3429b95532,false,,false,,,,1,
af397b99-be4f-417e-93ec-bcb2c944d8c0,9dcefb0b-f81d-400a-90bc-514b64341425,9,5,2026-03-30T14:19:52.846675+00:00,7716349a-8bb0-46c6-b60c-3594eb7ea60f,false,,,1,e5564605-a162-4973-b880-2fa2245b8a54,false,,false,,,,1,
03cc0c91-0c34-4bf3-add1-7afb6b0607a6,9dcefb0b-f81d-400a-90bc-514b64341425,10,5,2026-03-30T14:19:52.846675+00:00,7716349a-8bb0-46c6-b60c-3594eb7ea60f,false,,,1,e5564605-a162-4973-b880-2fa2245b8a54,false,,false,,,,1,
0039fb1e-c841-406f-a082-6b9b13045382,e5564605-a162-4973-b880-2fa2245b8a54,7,4,2026-03-30T14:20:54.103514+00:00,7716349a-8bb0-46c6-b60c-3594eb7ea60f,false,,,1,ce23d191-feba-4728-82f1-dc3429b95532,false,,false,,,,1,
8e0c215e-ca17-44ef-bd26-736cf879e24c,0a22a191-8264-4398-8468-2e96074d3366,4,4,2026-03-30T14:38:54.901959+00:00,7716349a-8bb0-46c6-b60c-3594eb7ea60f,false,,,1,0a22a191-8264-4398-8468-2e96074d3366,false,,false,,,,1,
28a8bef3-d64c-4c2c-b64e-86713dc78f27,0a22a191-8264-4398-8468-2e96074d3366,6,5,2026-03-30T14:38:54.901959+00:00,7716349a-8bb0-46c6-b60c-3594eb7ea60f,false,,,1,0a22a191-8264-4398-8468-2e96074d3366,false,,false,,,,1,
cdc22227-8d92-4176-85f3-9b350ffe3c78,0a22a191-8264-4398-8468-2e96074d3366,7,4,2026-03-30T14:38:54.901959+00:00,7716349a-8bb0-46c6-b60c-3594eb7ea60f,false,,,1,0a22a191-8264-4398-8468-2e96074d3366,false,,false,,,,1,
38ab4792-08ff-4453-a2ea-eebb4c7523a7,0a22a191-8264-4398-8468-2e96074d3366,8,5,2026-03-30T14:38:54.901959+00:00,7716349a-8bb0-46c6-b60c-3594eb7ea60f,false,,,1,0a22a191-8264-4398-8468-2e96074d3366,false,,false,,,,1,
d8528fad-ee70-4ad1-8146-868c8d9eb12b,0a22a191-8264-4398-8468-2e96074d3366,9,7,2026-03-30T14:38:54.901959+00:00,7716349a-8bb0-46c6-b60c-3594eb7ea60f,false,,,1,0a22a191-8264-4398-8468-2e96074d3366,false,,false,,,,1,
f7856aec-d016-49ac-8af8-5bfa2e698b28,0a22a191-8264-4398-8468-2e96074d3366,10,6,2026-03-30T14:38:54.901959+00:00,7716349a-8bb0-46c6-b60c-3594eb7ea60f,false,,,1,0a22a191-8264-4398-8468-2e96074d3366,false,,false,,,,1,
da49482a-77bb-4159-800f-9e2a9cb4ebb1,19b44c8b-f73c-464f-a197-236cf91f225b,6,3,2026-03-30T13:45:57.834424+00:00,7716349a-8bb0-46c6-b60c-3594eb7ea60f,false,,,1,19b44c8b-f73c-464f-a197-236cf91f225b,false,,false,,,,1,
05437f82-0dcc-4eb7-b7ae-fa96354675b5,19b44c8b-f73c-464f-a197-236cf91f225b,12,5,2026-03-30T13:45:57.834424+00:00,7716349a-8bb0-46c6-b60c-3594eb7ea60f,false,,,1,19b44c8b-f73c-464f-a197-236cf91f225b,false,,false,,,,1,
9b352aa4-4303-443a-a695-bd74e4b74ac1,19b44c8b-f73c-464f-a197-236cf91f225b,13,6,2026-03-30T13:45:57.834424+00:00,7716349a-8bb0-46c6-b60c-3594eb7ea60f,false,,,1,19b44c8b-f73c-464f-a197-236cf91f225b,false,,false,,,,1,
8928a7d8-e42b-4c76-8511-b33007db0e5a,19b44c8b-f73c-464f-a197-236cf91f225b,14,5,2026-03-30T13:45:57.834424+00:00,7716349a-8bb0-46c6-b60c-3594eb7ea60f,false,,,1,19b44c8b-f73c-464f-a197-236cf91f225b,false,,false,,,,1,
055f6683-1d23-4415-b042-fc7ec89e52bc,19b44c8b-f73c-464f-a197-236cf91f225b,15,3,2026-03-30T13:45:57.834424+00:00,7716349a-8bb0-46c6-b60c-3594eb7ea60f,false,,,1,19b44c8b-f73c-464f-a197-236cf91f225b,false,,false,,,,1,
a9cf561b-54d3-4bf0-8aa9-30b5887096ac,885a2ebf-a33e-44a1-a5dd-ef1922c7778b,9,6,2026-03-30T12:55:36.745786+00:00,7716349a-8bb0-46c6-b60c-3594eb7ea60f,false,,,1,885a2ebf-a33e-44a1-a5dd-ef1922c7778b,false,,false,,,,1,
f10812db-c603-410c-90fa-ad35e2cd3082,639dca59-1a8d-409a-82c6-584dbb5f34e9,4,3,2026-03-30T13:27:47.779488+00:00,7716349a-8bb0-46c6-b60c-3594eb7ea60f,false,,,1,fdd25cd4-90fe-4002-b08b-95ff807080ba,false,,false,,,,1,639dca59-1a8d-409a-82c6-584dbb5f34e9
520cf496-f255-488d-8ad0-16955e19ae8d,639dca59-1a8d-409a-82c6-584dbb5f34e9,5,5,2026-03-30T13:27:47.779488+00:00,7716349a-8bb0-46c6-b60c-3594eb7ea60f,false,,,1,fdd25cd4-90fe-4002-b08b-95ff807080ba,false,,false,,,,1,639dca59-1a8d-409a-82c6-584dbb5f34e9
b046352c-39b0-420c-92a9-406dac053b67,639dca59-1a8d-409a-82c6-584dbb5f34e9,6,5,2026-03-30T13:27:47.779488+00:00,7716349a-8bb0-46c6-b60c-3594eb7ea60f,false,,,1,639dca59-1a8d-409a-82c6-584dbb5f34e9,false,,false,,,,1,
6dd9a063-a0b7-403f-99f4-1c8d105bc11d,639dca59-1a8d-409a-82c6-584dbb5f34e9,7,3,2026-03-30T13:27:47.779488+00:00,7716349a-8bb0-46c6-b60c-3594eb7ea60f,false,,,1,639dca59-1a8d-409a-82c6-584dbb5f34e9,false,,false,,,,1,
58b80882-4619-4263-bb0f-1ee76165dc10,19b44c8b-f73c-464f-a197-236cf91f225b,16,4,2026-03-30T13:45:57.834424+00:00,7716349a-8bb0-46c6-b60c-3594eb7ea60f,false,,,1,19b44c8b-f73c-464f-a197-236cf91f225b,false,,false,,,,1,
8c6b9b75-685e-41f0-8407-ca5f1aafceaa,639dca59-1a8d-409a-82c6-584dbb5f34e9,8,5,2026-03-30T13:27:47.779488+00:00,7716349a-8bb0-46c6-b60c-3594eb7ea60f,false,,,1,639dca59-1a8d-409a-82c6-584dbb5f34e9,false,,false,,,,1,
73143e84-eb72-4be1-9df1-f2935348f4e3,639dca59-1a8d-409a-82c6-584dbb5f34e9,9,5,2026-03-30T13:27:47.779488+00:00,7716349a-8bb0-46c6-b60c-3594eb7ea60f,false,,,1,639dca59-1a8d-409a-82c6-584dbb5f34e9,false,,false,,,,1,
c5d92de5-27db-4d5f-b7e6-73daf2b60528,21380286-b867-4919-83b5-08eaac386dfe,7,4,2026-03-30T11:47:14.248486+00:00,7716349a-8bb0-46c6-b60c-3594eb7ea60f,false,,,1,885a2ebf-a33e-44a1-a5dd-ef1922c7778b,false,,false,,,,1,
0e1e112e-2ce7-4c15-a2d1-38112ce9d9fd,639dca59-1a8d-409a-82c6-584dbb5f34e9,10,4,2026-03-30T13:27:47.779488+00:00,7716349a-8bb0-46c6-b60c-3594eb7ea60f,false,,,1,639dca59-1a8d-409a-82c6-584dbb5f34e9,false,,false,,,,1,
2fe7a332-05fa-40bf-9d65-a04a8d827f9c,639dca59-1a8d-409a-82c6-584dbb5f34e9,11,4,2026-03-30T13:27:47.779488+00:00,7716349a-8bb0-46c6-b60c-3594eb7ea60f,false,,,1,639dca59-1a8d-409a-82c6-584dbb5f34e9,false,,false,,,,1,
d2439525-4748-49d3-b0ba-e8b2d14c9d4e,639dca59-1a8d-409a-82c6-584dbb5f34e9,12,4,2026-03-30T13:27:47.779488+00:00,7716349a-8bb0-46c6-b60c-3594eb7ea60f,false,,,1,639dca59-1a8d-409a-82c6-584dbb5f34e9,false,,false,,,,1,
af199930-d97a-40aa-8d47-12bf45bde1c7,639dca59-1a8d-409a-82c6-584dbb5f34e9,13,4,2026-03-30T13:27:47.779488+00:00,7716349a-8bb0-46c6-b60c-3594eb7ea60f,false,,,1,639dca59-1a8d-409a-82c6-584dbb5f34e9,false,,false,,,,1,
662055ec-9cee-4578-8be6-4eaae7e96d13,639dca59-1a8d-409a-82c6-584dbb5f34e9,14,6,2026-03-30T13:27:47.779488+00:00,7716349a-8bb0-46c6-b60c-3594eb7ea60f,false,,,1,639dca59-1a8d-409a-82c6-584dbb5f34e9,false,,false,,,,1,
c3d67d18-b222-4c93-a5f7-d689163f9ff5,639dca59-1a8d-409a-82c6-584dbb5f34e9,15,3,2026-03-30T13:27:47.779488+00:00,7716349a-8bb0-46c6-b60c-3594eb7ea60f,false,,,1,639dca59-1a8d-409a-82c6-584dbb5f34e9,false,,false,,,,1,
7e947df4-916c-4f64-967d-e99200c46941,639dca59-1a8d-409a-82c6-584dbb5f34e9,16,4,2026-03-30T13:27:47.779488+00:00,7716349a-8bb0-46c6-b60c-3594eb7ea60f,false,,,1,639dca59-1a8d-409a-82c6-584dbb5f34e9,false,,false,,,,1,
8ada7234-7d01-45cf-917e-6fb9b174f178,639dca59-1a8d-409a-82c6-584dbb5f34e9,17,5,2026-03-30T13:27:47.779488+00:00,7716349a-8bb0-46c6-b60c-3594eb7ea60f,false,,,1,639dca59-1a8d-409a-82c6-584dbb5f34e9,false,,false,,,,1,
86659c6d-754c-4b64-bdd3-e8d579550e71,639dca59-1a8d-409a-82c6-584dbb5f34e9,18,4,2026-03-30T13:27:47.779488+00:00,7716349a-8bb0-46c6-b60c-3594eb7ea60f,false,,,1,639dca59-1a8d-409a-82c6-584dbb5f34e9,false,,false,,,,1,
49add1ff-eb4a-468e-9b84-d4d2ec805030,098132e4-eb31-43dd-b487-8f6aea7501e6,3,4,2026-03-30T13:32:18.77522+00:00,7716349a-8bb0-46c6-b60c-3594eb7ea60f,false,,,1,098132e4-eb31-43dd-b487-8f6aea7501e6,false,,false,,,,1,
29ee36f7-1b0c-4ba9-a0f0-2889072cf1a6,e0adbbeb-e7b5-42d4-9ba3-1d70c15bc9f5,3,3,2026-03-30T13:32:43.240922+00:00,7716349a-8bb0-46c6-b60c-3594eb7ea60f,false,,,1,e0adbbeb-e7b5-42d4-9ba3-1d70c15bc9f5,false,,false,,,,1,
85e82a5f-5b37-4ee9-9cdb-ae954e1dbdeb,e0adbbeb-e7b5-42d4-9ba3-1d70c15bc9f5,6,4,2026-03-30T13:32:43.240922+00:00,7716349a-8bb0-46c6-b60c-3594eb7ea60f,false,,,1,e0adbbeb-e7b5-42d4-9ba3-1d70c15bc9f5,false,,false,,,,1,
a47976a6-4bb8-44ac-97a9-6eaee49f08d5,2cc9e7cd-f36e-4f27-ac2e-6959eecef670,9,11,2026-03-30T13:34:03.303623+00:00,7716349a-8bb0-46c6-b60c-3594eb7ea60f,false,,,1,db214db6-5b8c-432b-a14b-322a17f0f720,false,,false,,,,1,
0e0dd97b-9075-4ddc-8821-84d025668619,19b44c8b-f73c-464f-a197-236cf91f225b,17,5,2026-03-30T13:45:57.834424+00:00,7716349a-8bb0-46c6-b60c-3594eb7ea60f,false,,,1,19b44c8b-f73c-464f-a197-236cf91f225b,false,,false,,,,1,
b85ef452-986c-45a9-8fd2-f46e357f9a32,db214db6-5b8c-432b-a14b-322a17f0f720,8,4,2026-03-30T13:34:39.532485+00:00,7716349a-8bb0-46c6-b60c-3594eb7ea60f,false,,,1,db214db6-5b8c-432b-a14b-322a17f0f720,false,,false,,,,1,
311304ee-6462-407c-bc71-acee7751fb1c,47b6392b-6476-4a2b-897e-2347b126ab86,9,4,2026-03-30T13:37:43.100691+00:00,7716349a-8bb0-46c6-b60c-3594eb7ea60f,false,,,1,47b6392b-6476-4a2b-897e-2347b126ab86,false,,false,,,,1,
4282f1ae-91b0-4a6e-9bea-d0bc7881897d,47b6392b-6476-4a2b-897e-2347b126ab86,17,6,2026-03-30T13:37:43.100691+00:00,7716349a-8bb0-46c6-b60c-3594eb7ea60f,false,,,1,47b6392b-6476-4a2b-897e-2347b126ab86,false,,false,,,,1,
a0940231-d650-4ed2-ba05-f7d74b6f341b,47b6392b-6476-4a2b-897e-2347b126ab86,18,4,2026-03-30T13:37:43.100691+00:00,7716349a-8bb0-46c6-b60c-3594eb7ea60f,false,,,1,47b6392b-6476-4a2b-897e-2347b126ab86,false,,false,,,,1,
47c65e8c-fccf-4618-b834-53fa4f5639ab,19b44c8b-f73c-464f-a197-236cf91f225b,18,4,2026-03-30T13:45:57.834424+00:00,7716349a-8bb0-46c6-b60c-3594eb7ea60f,false,,,1,19b44c8b-f73c-464f-a197-236cf91f225b,false,,false,,,,1,
f4c7464b-5429-43f2-9a64-cbf86f0ce08d,9dcefb0b-f81d-400a-90bc-514b64341425,5,5,2026-03-30T14:19:52.846675+00:00,7716349a-8bb0-46c6-b60c-3594eb7ea60f,false,,,1,9dcefb0b-f81d-400a-90bc-514b64341425,false,,false,,,,1,
e2bd8057-b937-4b58-8403-14f7b09cdbdf,9dcefb0b-f81d-400a-90bc-514b64341425,7,4,2026-03-30T14:19:52.846675+00:00,7716349a-8bb0-46c6-b60c-3594eb7ea60f,false,,,1,9dcefb0b-f81d-400a-90bc-514b64341425,false,,false,,,,1,
8f1837c9-294f-4be9-a3e6-21655b490629,9dcefb0b-f81d-400a-90bc-514b64341425,8,5,2026-03-30T14:19:52.846675+00:00,7716349a-8bb0-46c6-b60c-3594eb7ea60f,false,,,1,9dcefb0b-f81d-400a-90bc-514b64341425,false,,false,,,,1,
b49b6761-2d22-4f01-b477-78bf1718ac1f,9dcefb0b-f81d-400a-90bc-514b64341425,11,3,2026-03-30T14:19:52.846675+00:00,7716349a-8bb0-46c6-b60c-3594eb7ea60f,false,,,1,9dcefb0b-f81d-400a-90bc-514b64341425,false,,false,,,,1,
1b76783c-ab31-4c95-a905-40fe991fe529,9dcefb0b-f81d-400a-90bc-514b64341425,12,5,2026-03-30T14:19:52.846675+00:00,7716349a-8bb0-46c6-b60c-3594eb7ea60f,false,,,1,9dcefb0b-f81d-400a-90bc-514b64341425,false,,false,,,,1,
e2fee773-2625-4c51-80e1-a02f641fe05f,9dcefb0b-f81d-400a-90bc-514b64341425,13,5,2026-03-30T14:19:52.846675+00:00,7716349a-8bb0-46c6-b60c-3594eb7ea60f,false,,,1,9dcefb0b-f81d-400a-90bc-514b64341425,false,,false,,,,1,
30808f2c-5119-4b8b-a582-a0a8ce70b62a,9dcefb0b-f81d-400a-90bc-514b64341425,14,5,2026-03-30T14:19:52.846675+00:00,7716349a-8bb0-46c6-b60c-3594eb7ea60f,false,,,1,9dcefb0b-f81d-400a-90bc-514b64341425,false,,false,,,,1,
a00ba6e2-7efb-4833-8c1c-b818b5aa0c2a,9dcefb0b-f81d-400a-90bc-514b64341425,15,3,2026-03-30T14:19:52.846675+00:00,7716349a-8bb0-46c6-b60c-3594eb7ea60f,false,,,1,9dcefb0b-f81d-400a-90bc-514b64341425,false,,false,,,,1,
5180a457-2c78-4277-9c62-d768b12ade7a,9dcefb0b-f81d-400a-90bc-514b64341425,16,4,2026-03-30T14:19:52.846675+00:00,7716349a-8bb0-46c6-b60c-3594eb7ea60f,false,,,1,9dcefb0b-f81d-400a-90bc-514b64341425,false,,false,,,,1,
0d848451-d276-4f5a-bd42-19706df77013,9dcefb0b-f81d-400a-90bc-514b64341425,17,6,2026-03-30T14:19:52.846675+00:00,7716349a-8bb0-46c6-b60c-3594eb7ea60f,false,,,1,9dcefb0b-f81d-400a-90bc-514b64341425,false,,false,,,,1,
f70aa6f3-e491-48df-9db9-1fea6c7ab9f9,9dcefb0b-f81d-400a-90bc-514b64341425,18,5,2026-03-30T14:19:52.846675+00:00,7716349a-8bb0-46c6-b60c-3594eb7ea60f,false,,,1,9dcefb0b-f81d-400a-90bc-514b64341425,false,,false,,,,1,
2007fb0e-0528-4a38-9c22-29435f663f6a,0a22a191-8264-4398-8468-2e96074d3366,11,3,2026-03-30T14:38:54.901959+00:00,7716349a-8bb0-46c6-b60c-3594eb7ea60f,false,,,1,0a22a191-8264-4398-8468-2e96074d3366,false,,false,,,,1,
f7effda6-dfad-4aa5-aa32-fadf80ebaf56,0a22a191-8264-4398-8468-2e96074d3366,12,4,2026-03-30T14:38:54.901959+00:00,7716349a-8bb0-46c6-b60c-3594eb7ea60f,false,,,1,0a22a191-8264-4398-8468-2e96074d3366,false,,false,,,,1,
211705ee-e09f-4366-a841-8b7b8e602c1d,0a22a191-8264-4398-8468-2e96074d3366,13,5,2026-03-30T14:38:54.901959+00:00,7716349a-8bb0-46c6-b60c-3594eb7ea60f,false,,,1,0a22a191-8264-4398-8468-2e96074d3366,false,,false,,,,1,
3e7502b4-24d5-42e4-aa52-a6a9876df7d4,0a22a191-8264-4398-8468-2e96074d3366,14,5,2026-03-30T14:38:54.901959+00:00,7716349a-8bb0-46c6-b60c-3594eb7ea60f,false,,,1,0a22a191-8264-4398-8468-2e96074d3366,false,,false,,,,1,
ebcfd8da-f51a-4fe1-8fe8-e15ff91b313b,0a22a191-8264-4398-8468-2e96074d3366,15,3,2026-03-30T14:38:54.901959+00:00,7716349a-8bb0-46c6-b60c-3594eb7ea60f,false,,,1,0a22a191-8264-4398-8468-2e96074d3366,false,,false,,,,1,
dfd7e0b2-d2af-4aa1-8922-04c39012bced,0a22a191-8264-4398-8468-2e96074d3366,16,4,2026-03-30T14:38:54.901959+00:00,7716349a-8bb0-46c6-b60c-3594eb7ea60f,false,,,1,0a22a191-8264-4398-8468-2e96074d3366,false,,false,,,,1,
a4a9e0db-0eaa-4d5d-8e98-bd6c1240ddf9,0a22a191-8264-4398-8468-2e96074d3366,17,5,2026-03-30T14:38:54.901959+00:00,7716349a-8bb0-46c6-b60c-3594eb7ea60f,false,,,1,0a22a191-8264-4398-8468-2e96074d3366,false,,false,,,,1,
2312f3e8-a8e4-40f0-8e96-f3e5bc55e5a9,0a22a191-8264-4398-8468-2e96074d3366,18,4,2026-03-30T14:38:54.901959+00:00,7716349a-8bb0-46c6-b60c-3594eb7ea60f,false,,,1,0a22a191-8264-4398-8468-2e96074d3366,false,,false,,,,1,
39327c65-50ba-40f4-a6aa-870bb49c665d,9d71aa32-e0cc-4394-b494-f2cca4e7d382,14,5,2026-03-30T14:42:47.173181+00:00,7716349a-8bb0-46c6-b60c-3594eb7ea60f,false,,,1,9d71aa32-e0cc-4394-b494-f2cca4e7d382,false,,false,,,,1,
ac868c12-e338-40d0-a936-219801a48eb1,9d71aa32-e0cc-4394-b494-f2cca4e7d382,15,4,2026-03-30T14:42:47.173181+00:00,7716349a-8bb0-46c6-b60c-3594eb7ea60f,false,,,1,9d71aa32-e0cc-4394-b494-f2cca4e7d382,false,,false,,,,1,
fb945200-b0e4-4558-8b3c-ea81da7bfb8d,9d71aa32-e0cc-4394-b494-f2cca4e7d382,16,5,2026-03-30T14:42:47.173181+00:00,7716349a-8bb0-46c6-b60c-3594eb7ea60f,false,,,1,9d71aa32-e0cc-4394-b494-f2cca4e7d382,false,,false,,,,1,
0edcb242-f2b9-4672-b51c-f710661a790a,9d71aa32-e0cc-4394-b494-f2cca4e7d382,17,5,2026-03-30T14:42:47.173181+00:00,7716349a-8bb0-46c6-b60c-3594eb7ea60f,false,,,1,9d71aa32-e0cc-4394-b494-f2cca4e7d382,false,,false,,,,1,
322bb32d-4256-4451-a908-c5eb6fc2df67,9d71aa32-e0cc-4394-b494-f2cca4e7d382,18,5,2026-03-30T14:42:47.173181+00:00,7716349a-8bb0-46c6-b60c-3594eb7ea60f,false,,,1,9d71aa32-e0cc-4394-b494-f2cca4e7d382,false,,false,,,,1,
d90c6eb2-3ce0-4a2d-a9c5-f528013c4edd,7cb8f5cb-1d66-4a8b-a52e-3c0ab48ff137,9,6,2026-03-30T14:44:03.173753+00:00,7716349a-8bb0-46c6-b60c-3594eb7ea60f,false,,,1,7cb8f5cb-1d66-4a8b-a52e-3c0ab48ff137,false,,false,,,,1,
5ca95fc5-c219-48a7-b0d4-4a6e15a2ef7a,7cb8f5cb-1d66-4a8b-a52e-3c0ab48ff137,10,5,2026-03-30T14:44:03.173753+00:00,7716349a-8bb0-46c6-b60c-3594eb7ea60f,false,,,1,7cb8f5cb-1d66-4a8b-a52e-3c0ab48ff137,false,,false,,,,1,
48e32914-1348-4088-9b29-e0316ec48e58,7cb8f5cb-1d66-4a8b-a52e-3c0ab48ff137,11,4,2026-03-30T14:44:03.173753+00:00,7716349a-8bb0-46c6-b60c-3594eb7ea60f,false,,,1,7cb8f5cb-1d66-4a8b-a52e-3c0ab48ff137,false,,false,,,,1,
ec2b4941-aa31-43b7-8d73-f089806e4d37,7cb8f5cb-1d66-4a8b-a52e-3c0ab48ff137,12,5,2026-03-30T14:44:03.173753+00:00,7716349a-8bb0-46c6-b60c-3594eb7ea60f,false,,,1,7cb8f5cb-1d66-4a8b-a52e-3c0ab48ff137,false,,false,,,,1,
5137a1a6-3294-4918-9f42-ca24f3742377,c0fb8d2a-417b-4d68-918c-fc6d0b9b032c,6,5,2026-03-30T13:47:12.678419+00:00,7716349a-8bb0-46c6-b60c-3594eb7ea60f,false,,,1,c0fb8d2a-417b-4d68-918c-fc6d0b9b032c,false,,false,,,,1,
d0be37c9-3b07-4ee5-b426-de38a905a22b,21380286-b867-4919-83b5-08eaac386dfe,9,7,2026-03-30T12:29:53.796472+00:00,7716349a-8bb0-46c6-b60c-3594eb7ea60f,false,,,1,885a2ebf-a33e-44a1-a5dd-ef1922c7778b,false,,false,,,,1,
2ee5f471-f767-4757-a18c-c83aae286e5c,c0fb8d2a-417b-4d68-918c-fc6d0b9b032c,8,6,2026-03-30T13:47:12.678419+00:00,7716349a-8bb0-46c6-b60c-3594eb7ea60f,false,,,1,c0fb8d2a-417b-4d68-918c-fc6d0b9b032c,false,,false,,,,1,
994c2787-d6f4-48d2-b332-a94745b16307,c0fb8d2a-417b-4d68-918c-fc6d0b9b032c,9,7,2026-03-30T13:47:12.678419+00:00,7716349a-8bb0-46c6-b60c-3594eb7ea60f,false,,,1,c0fb8d2a-417b-4d68-918c-fc6d0b9b032c,false,,false,,,,1,
73fdbb39-acbc-403d-8fe0-792dce9a53a4,885a2ebf-a33e-44a1-a5dd-ef1922c7778b,3,4,2026-03-30T12:55:36.745786+00:00,7716349a-8bb0-46c6-b60c-3594eb7ea60f,false,,,1,885a2ebf-a33e-44a1-a5dd-ef1922c7778b,false,,false,,,,1,
c0992d2d-a0a0-4505-b703-1c251572e344,c0fb8d2a-417b-4d68-918c-fc6d0b9b032c,10,5,2026-03-30T13:47:12.678419+00:00,7716349a-8bb0-46c6-b60c-3594eb7ea60f,false,,,1,c0fb8d2a-417b-4d68-918c-fc6d0b9b032c,false,,false,,,,1,
2b76c860-bd1f-4a8f-874d-4258929240d7,c0fb8d2a-417b-4d68-918c-fc6d0b9b032c,11,3,2026-03-30T13:47:12.678419+00:00,7716349a-8bb0-46c6-b60c-3594eb7ea60f,false,,,1,c0fb8d2a-417b-4d68-918c-fc6d0b9b032c,false,,false,,,,1,
29d19be8-502e-4fa8-af60-7d8c0f07a798,c0fb8d2a-417b-4d68-918c-fc6d0b9b032c,12,5,2026-03-30T13:47:12.678419+00:00,7716349a-8bb0-46c6-b60c-3594eb7ea60f,false,,,1,c0fb8d2a-417b-4d68-918c-fc6d0b9b032c,false,,false,,,,1,
5bf76eb7-9bea-4b54-a0f0-5d5467a1d5d8,c0fb8d2a-417b-4d68-918c-fc6d0b9b032c,13,5,2026-03-30T13:47:12.678419+00:00,7716349a-8bb0-46c6-b60c-3594eb7ea60f,false,,,1,c0fb8d2a-417b-4d68-918c-fc6d0b9b032c,false,,false,,,,1,
45c14d28-801d-46e7-9063-346271696f58,885a2ebf-a33e-44a1-a5dd-ef1922c7778b,4,3,2026-03-30T12:55:36.745786+00:00,7716349a-8bb0-46c6-b60c-3594eb7ea60f,false,,,1,885a2ebf-a33e-44a1-a5dd-ef1922c7778b,false,,false,,,,1,
491c0ade-aecf-40d0-b3c7-2bfaf2b9ecca,c0fb8d2a-417b-4d68-918c-fc6d0b9b032c,14,6,2026-03-30T13:47:12.678419+00:00,7716349a-8bb0-46c6-b60c-3594eb7ea60f,false,,,1,c0fb8d2a-417b-4d68-918c-fc6d0b9b032c,false,,false,,,,1,
167c714a-020b-45ca-b739-f9b1aaba4de4,c3364e8d-93bc-472c-a6ff-b4f68265a4d5,1,6,2026-03-30T13:30:48.271752+00:00,7716349a-8bb0-46c6-b60c-3594eb7ea60f,false,,,1,c3364e8d-93bc-472c-a6ff-b4f68265a4d5,false,,false,,,,1,
6a5ee79c-f2eb-4390-819a-e51f05537a2e,c3364e8d-93bc-472c-a6ff-b4f68265a4d5,2,7,2026-03-30T13:30:48.271752+00:00,7716349a-8bb0-46c6-b60c-3594eb7ea60f,false,,,1,c3364e8d-93bc-472c-a6ff-b4f68265a4d5,false,,false,,,,1,
51e74890-241e-4abf-8b7a-718d05fc5867,c0fb8d2a-417b-4d68-918c-fc6d0b9b032c,15,3,2026-03-30T13:47:12.678419+00:00,7716349a-8bb0-46c6-b60c-3594eb7ea60f,false,,,1,c0fb8d2a-417b-4d68-918c-fc6d0b9b032c,false,,false,,,,1,
d323eef9-521d-47d3-a731-5af673ad1f06,c0fb8d2a-417b-4d68-918c-fc6d0b9b032c,16,5,2026-03-30T13:47:12.678419+00:00,7716349a-8bb0-46c6-b60c-3594eb7ea60f,false,,,1,c0fb8d2a-417b-4d68-918c-fc6d0b9b032c,false,,false,,,,1,
a10ecada-3ed9-4e7d-b0a4-71e2312fb70b,21380286-b867-4919-83b5-08eaac386dfe,3,5,2026-03-30T10:53:33.672095+00:00,7716349a-8bb0-46c6-b60c-3594eb7ea60f,false,,,1,885a2ebf-a33e-44a1-a5dd-ef1922c7778b,false,,false,,,,1,
76fdc03a-ceba-426f-9eeb-2f14fb5086ef,c3364e8d-93bc-472c-a6ff-b4f68265a4d5,3,6,2026-03-30T13:30:48.271752+00:00,7716349a-8bb0-46c6-b60c-3594eb7ea60f,false,,,1,c3364e8d-93bc-472c-a6ff-b4f68265a4d5,false,,false,,,,1,
2df57fcf-64ad-4345-ab57-4e0f0c316a56,c0fb8d2a-417b-4d68-918c-fc6d0b9b032c,17,7,2026-03-30T13:47:12.678419+00:00,7716349a-8bb0-46c6-b60c-3594eb7ea60f,false,,,1,c0fb8d2a-417b-4d68-918c-fc6d0b9b032c,false,,false,,,,1,
d5d14f48-60fb-4e49-88c5-f104e7d020af,c3364e8d-93bc-472c-a6ff-b4f68265a4d5,4,3,2026-03-30T13:30:48.271752+00:00,7716349a-8bb0-46c6-b60c-3594eb7ea60f,false,,,1,c3364e8d-93bc-472c-a6ff-b4f68265a4d5,false,,false,,,,1,
2419bc1c-7d11-4781-b310-18003ded3180,c0fb8d2a-417b-4d68-918c-fc6d0b9b032c,18,5,2026-03-30T13:47:12.678419+00:00,7716349a-8bb0-46c6-b60c-3594eb7ea60f,false,,,1,c0fb8d2a-417b-4d68-918c-fc6d0b9b032c,false,,false,,,,1,
7268142e-f055-453a-8485-be9a07285aba,c3364e8d-93bc-472c-a6ff-b4f68265a4d5,5,4,2026-03-30T13:30:48.271752+00:00,7716349a-8bb0-46c6-b60c-3594eb7ea60f,false,,,1,c3364e8d-93bc-472c-a6ff-b4f68265a4d5,false,,false,,,,1,
8a92ee53-b1b6-4d2e-9e37-362016831e9a,c3364e8d-93bc-472c-a6ff-b4f68265a4d5,6,4,2026-03-30T13:30:48.271752+00:00,7716349a-8bb0-46c6-b60c-3594eb7ea60f,false,,,1,c3364e8d-93bc-472c-a6ff-b4f68265a4d5,false,,false,,,,1,
cdceb606-5bdb-4cd4-bae6-5c11318e5658,c3364e8d-93bc-472c-a6ff-b4f68265a4d5,7,3,2026-03-30T13:30:48.271752+00:00,7716349a-8bb0-46c6-b60c-3594eb7ea60f,false,,,1,c3364e8d-93bc-472c-a6ff-b4f68265a4d5,false,,false,,,,1,
fbac7dfb-3d58-40ad-9d3d-4d947bb785d7,c3364e8d-93bc-472c-a6ff-b4f68265a4d5,8,5,2026-03-30T13:30:48.271752+00:00,7716349a-8bb0-46c6-b60c-3594eb7ea60f,false,,,1,c3364e8d-93bc-472c-a6ff-b4f68265a4d5,false,,false,,,,1,
16a949f0-6212-44ca-a81d-a530e8769914,c3364e8d-93bc-472c-a6ff-b4f68265a4d5,9,5,2026-03-30T13:30:48.271752+00:00,7716349a-8bb0-46c6-b60c-3594eb7ea60f,false,,,1,c3364e8d-93bc-472c-a6ff-b4f68265a4d5,false,,false,,,,1,
ebbf942f-98c8-4641-8ba4-8250e1348e67,c3364e8d-93bc-472c-a6ff-b4f68265a4d5,10,4,2026-03-30T13:30:48.271752+00:00,7716349a-8bb0-46c6-b60c-3594eb7ea60f,false,,,1,c3364e8d-93bc-472c-a6ff-b4f68265a4d5,false,,false,,,,1,
c0ac383c-cc3e-473c-a6c6-35c5c91b08e2,4d134271-956f-42fd-95ea-0a6b725123e6,9,7,2026-03-30T13:49:09.297106+00:00,7716349a-8bb0-46c6-b60c-3594eb7ea60f,false,,,1,4d134271-956f-42fd-95ea-0a6b725123e6,false,,false,,,,1,
e4782a9e-ed23-40bb-b9ca-bac6d2867f8d,ce23d191-feba-4728-82f1-dc3429b95532,6,5,2026-03-30T14:19:06.489167+00:00,7716349a-8bb0-46c6-b60c-3594eb7ea60f,false,,,1,ce23d191-feba-4728-82f1-dc3429b95532,false,,false,,,,1,
e75052a0-c1a4-4902-8d92-377c5b2bab14,c3364e8d-93bc-472c-a6ff-b4f68265a4d5,11,3,2026-03-30T13:30:48.271752+00:00,7716349a-8bb0-46c6-b60c-3594eb7ea60f,false,,,1,c3364e8d-93bc-472c-a6ff-b4f68265a4d5,false,,false,,,,1,
3d58bad0-bd98-45b8-93f4-e0fdafc4efd9,c3364e8d-93bc-472c-a6ff-b4f68265a4d5,12,5,2026-03-30T13:30:48.271752+00:00,7716349a-8bb0-46c6-b60c-3594eb7ea60f,false,,,1,c3364e8d-93bc-472c-a6ff-b4f68265a4d5,false,,false,,,,1,
bba68db3-2122-45c8-a7fc-201c05e2ae66,9dcefb0b-f81d-400a-90bc-514b64341425,6,4,2026-03-30T14:19:52.846675+00:00,7716349a-8bb0-46c6-b60c-3594eb7ea60f,false,,,1,9dcefb0b-f81d-400a-90bc-514b64341425,false,,false,,,,1,
d920f7ae-b7b8-4e30-aa0f-fa3237d3344a,c3364e8d-93bc-472c-a6ff-b4f68265a4d5,13,5,2026-03-30T13:30:48.271752+00:00,7716349a-8bb0-46c6-b60c-3594eb7ea60f,false,,,1,c3364e8d-93bc-472c-a6ff-b4f68265a4d5,false,,false,,,,1,
28dda6b4-4952-4a44-b1da-52094e3b205f,e5564605-a162-4973-b880-2fa2245b8a54,5,5,2026-03-30T14:20:54.103514+00:00,7716349a-8bb0-46c6-b60c-3594eb7ea60f,false,,,1,e5564605-a162-4973-b880-2fa2245b8a54,false,,false,,,,1,
0d966239-d6db-4230-8abd-e6bb46a69171,c3364e8d-93bc-472c-a6ff-b4f68265a4d5,14,5,2026-03-30T13:30:48.271752+00:00,7716349a-8bb0-46c6-b60c-3594eb7ea60f,false,,,1,c3364e8d-93bc-472c-a6ff-b4f68265a4d5,false,,false,,,,1,
19795526-7582-4bd0-939e-6376a5d8f96c,c3364e8d-93bc-472c-a6ff-b4f68265a4d5,15,2,2026-03-30T13:30:48.271752+00:00,7716349a-8bb0-46c6-b60c-3594eb7ea60f,false,,,1,c3364e8d-93bc-472c-a6ff-b4f68265a4d5,false,,false,,,,1,
1cbd681d-c7de-4074-8819-e9448fb175e1,c3364e8d-93bc-472c-a6ff-b4f68265a4d5,16,3,2026-03-30T13:30:48.271752+00:00,7716349a-8bb0-46c6-b60c-3594eb7ea60f,false,,,1,c3364e8d-93bc-472c-a6ff-b4f68265a4d5,false,,false,,,,1,
3e9979b6-544b-4a10-933f-3e3b0664bd45,c3364e8d-93bc-472c-a6ff-b4f68265a4d5,17,5,2026-03-30T13:30:48.271752+00:00,7716349a-8bb0-46c6-b60c-3594eb7ea60f,false,,,1,c3364e8d-93bc-472c-a6ff-b4f68265a4d5,false,,false,,,,1,
f8760629-cb89-4fe6-8c8e-f07070ab04fe,c3364e8d-93bc-472c-a6ff-b4f68265a4d5,18,5,2026-03-30T13:30:48.271752+00:00,7716349a-8bb0-46c6-b60c-3594eb7ea60f,false,,,1,c3364e8d-93bc-472c-a6ff-b4f68265a4d5,false,,false,,,,1,
bbd5d212-0fde-4403-9dec-26e46f9dc92c,d3d57160-318c-4c35-bb5c-de5a5f07d0e7,4,3,2026-03-30T13:31:35.896064+00:00,7716349a-8bb0-46c6-b60c-3594eb7ea60f,false,,,1,e0adbbeb-e7b5-42d4-9ba3-1d70c15bc9f5,false,,false,,,,1,
437f2bfc-cc48-426b-bda8-52e046672137,d3d57160-318c-4c35-bb5c-de5a5f07d0e7,5,4,2026-03-30T13:31:35.896064+00:00,7716349a-8bb0-46c6-b60c-3594eb7ea60f,false,,,1,d3d57160-318c-4c35-bb5c-de5a5f07d0e7,false,,false,,,,1,
e08e541d-569a-42bf-9b58-e81e5532e15b,d3d57160-318c-4c35-bb5c-de5a5f07d0e7,6,5,2026-03-30T13:31:35.896064+00:00,7716349a-8bb0-46c6-b60c-3594eb7ea60f,false,,,1,e0adbbeb-e7b5-42d4-9ba3-1d70c15bc9f5,false,,false,,,,1,
1572404f-d7ad-4184-a7b0-f7922a91e5aa,e0adbbeb-e7b5-42d4-9ba3-1d70c15bc9f5,4,3,2026-03-30T13:32:43.240922+00:00,7716349a-8bb0-46c6-b60c-3594eb7ea60f,false,,,1,e0adbbeb-e7b5-42d4-9ba3-1d70c15bc9f5,false,,false,,,,1,
a7a51a11-3fe8-40f8-9b06-fe5d9eae2b51,2cc9e7cd-f36e-4f27-ac2e-6959eecef670,2,9,2026-03-30T13:34:03.303623+00:00,7716349a-8bb0-46c6-b60c-3594eb7ea60f,false,,,1,2cc9e7cd-f36e-4f27-ac2e-6959eecef670,false,,false,,,,1,
c600eb25-2808-4f5e-99d6-9b89f8d56cf9,2cc9e7cd-f36e-4f27-ac2e-6959eecef670,3,5,2026-03-30T13:34:03.303623+00:00,7716349a-8bb0-46c6-b60c-3594eb7ea60f,false,,,1,2cc9e7cd-f36e-4f27-ac2e-6959eecef670,false,,false,,,,1,
36df0f09-5a41-4998-9611-095cdd09137b,2cc9e7cd-f36e-4f27-ac2e-6959eecef670,4,7,2026-03-30T13:34:03.303623+00:00,7716349a-8bb0-46c6-b60c-3594eb7ea60f,false,,,1,db214db6-5b8c-432b-a14b-322a17f0f720,false,,false,,,,1,
c169fab7-f4d5-465a-bc01-14a58f1b7d4d,2cc9e7cd-f36e-4f27-ac2e-6959eecef670,8,7,2026-03-30T13:34:03.303623+00:00,7716349a-8bb0-46c6-b60c-3594eb7ea60f,false,,,1,db214db6-5b8c-432b-a14b-322a17f0f720,false,,false,,,,1,
9a7cc82c-b3a8-48b0-89c4-d01b24a1d65a,e5564605-a162-4973-b880-2fa2245b8a54,6,4,2026-03-30T14:20:54.103514+00:00,7716349a-8bb0-46c6-b60c-3594eb7ea60f,false,,,1,ce23d191-feba-4728-82f1-dc3429b95532,false,,false,,,,1,
4d9c81bc-c7ed-4692-8057-372815669e64,db214db6-5b8c-432b-a14b-322a17f0f720,2,4,2026-03-30T13:34:39.532485+00:00,7716349a-8bb0-46c6-b60c-3594eb7ea60f,false,,,1,2cc9e7cd-f36e-4f27-ac2e-6959eecef670,false,,false,,,,1,
83390419-7636-4b69-ab12-be38842e9e48,7c4671ff-76ee-4a70-b912-6aa7354774ee,10,5,2026-03-30T13:36:46.652203+00:00,7716349a-8bb0-46c6-b60c-3594eb7ea60f,false,,,1,7c4671ff-76ee-4a70-b912-6aa7354774ee,false,,false,,,,1,
369ddc5c-48b0-42ff-a578-4493f8121cde,7c4671ff-76ee-4a70-b912-6aa7354774ee,11,3,2026-03-30T13:36:46.652203+00:00,7716349a-8bb0-46c6-b60c-3594eb7ea60f,false,,,1,7c4671ff-76ee-4a70-b912-6aa7354774ee,false,,false,,,,1,
3af409a4-c99d-40b2-973b-23264e81a317,47b6392b-6476-4a2b-897e-2347b126ab86,10,4,2026-03-30T13:37:43.100691+00:00,7716349a-8bb0-46c6-b60c-3594eb7ea60f,false,,,1,7c4671ff-76ee-4a70-b912-6aa7354774ee,false,,false,,,,1,
0e753a0e-20e1-42b1-ac8e-bc6a0c382c95,47b6392b-6476-4a2b-897e-2347b126ab86,11,3,2026-03-30T13:37:43.100691+00:00,7716349a-8bb0-46c6-b60c-3594eb7ea60f,false,,,1,7c4671ff-76ee-4a70-b912-6aa7354774ee,false,,false,,,,1,
9c3cba44-bad1-468d-8390-6420fde6258d,e5564605-a162-4973-b880-2fa2245b8a54,11,4,2026-03-30T14:20:54.103514+00:00,7716349a-8bb0-46c6-b60c-3594eb7ea60f,false,,,1,e5564605-a162-4973-b880-2fa2245b8a54,false,,false,,,,1,
b1fa0330-ac0d-4f4b-a25d-3b04342ac369,e5564605-a162-4973-b880-2fa2245b8a54,12,4,2026-03-30T14:20:54.103514+00:00,7716349a-8bb0-46c6-b60c-3594eb7ea60f,false,,,1,e5564605-a162-4973-b880-2fa2245b8a54,false,,false,,,,1,
4eaf1821-a5cd-4d29-8b60-43ac51af9d79,e5564605-a162-4973-b880-2fa2245b8a54,13,4,2026-03-30T14:20:54.103514+00:00,7716349a-8bb0-46c6-b60c-3594eb7ea60f,false,,,1,e5564605-a162-4973-b880-2fa2245b8a54,false,,false,,,,1,
651d6902-c5ca-4d34-8e44-9c10a2f448bd,e5564605-a162-4973-b880-2fa2245b8a54,14,6,2026-03-30T14:20:54.103514+00:00,7716349a-8bb0-46c6-b60c-3594eb7ea60f,false,,,1,e5564605-a162-4973-b880-2fa2245b8a54,false,,false,,,,1,
ae43ade7-6bc4-4ff0-8320-a93921ee50dd,f88170d0-1f22-42fc-b06f-f43ce3d2c8ff,5,4,2026-03-30T14:36:18.903148+00:00,7716349a-8bb0-46c6-b60c-3594eb7ea60f,false,,,1,0a22a191-8264-4398-8468-2e96074d3366,false,,false,,,,1,
32d3f3df-6a81-4ae3-9a38-09b5954a8987,0a22a191-8264-4398-8468-2e96074d3366,5,3,2026-03-30T14:38:54.901959+00:00,7716349a-8bb0-46c6-b60c-3594eb7ea60f,false,,,1,0a22a191-8264-4398-8468-2e96074d3366,false,,false,,,,1,
4f4d2fa3-2c67-4808-93f9-26505c5bfd50,2e22731c-34b3-4726-937a-18e90d4213a7,5,6,2026-03-30T14:41:18.103207+00:00,7716349a-8bb0-46c6-b60c-3594eb7ea60f,false,,,1,7cb8f5cb-1d66-4a8b-a52e-3c0ab48ff137,false,,false,,,,1,
9f2b0a90-f429-4893-a5b0-fb3f6e99b7dc,7cb8f5cb-1d66-4a8b-a52e-3c0ab48ff137,5,5,2026-03-30T14:44:03.173753+00:00,7716349a-8bb0-46c6-b60c-3594eb7ea60f,false,,,1,7cb8f5cb-1d66-4a8b-a52e-3c0ab48ff137,false,,false,,,,1,
a5b05c1a-9c86-41ba-83a8-35c424404c11,7cb8f5cb-1d66-4a8b-a52e-3c0ab48ff137,13,5,2026-03-30T14:44:03.173753+00:00,7716349a-8bb0-46c6-b60c-3594eb7ea60f,false,,,1,7cb8f5cb-1d66-4a8b-a52e-3c0ab48ff137,false,,false,,,,1,
2645e101-df6a-4cb4-bdb7-32653b6cac99,7cb8f5cb-1d66-4a8b-a52e-3c0ab48ff137,14,5,2026-03-30T14:44:03.173753+00:00,7716349a-8bb0-46c6-b60c-3594eb7ea60f,false,,,1,7cb8f5cb-1d66-4a8b-a52e-3c0ab48ff137,false,,false,,,,1,
cebe9952-9177-4770-81d3-be5e3141234d,7cb8f5cb-1d66-4a8b-a52e-3c0ab48ff137,15,3,2026-03-30T14:44:03.173753+00:00,7716349a-8bb0-46c6-b60c-3594eb7ea60f,false,,,1,7cb8f5cb-1d66-4a8b-a52e-3c0ab48ff137,false,,false,,,,1,
97dc4e9a-5eb4-4080-89b8-2921ac0b8203,7cb8f5cb-1d66-4a8b-a52e-3c0ab48ff137,16,5,2026-03-30T14:44:03.173753+00:00,7716349a-8bb0-46c6-b60c-3594eb7ea60f,false,,,1,7cb8f5cb-1d66-4a8b-a52e-3c0ab48ff137,false,,false,,,,1,
7872de87-aab3-474b-98e3-8e4ce36b28ca,7cb8f5cb-1d66-4a8b-a52e-3c0ab48ff137,17,6,2026-03-30T14:44:03.173753+00:00,7716349a-8bb0-46c6-b60c-3594eb7ea60f,false,,,1,7cb8f5cb-1d66-4a8b-a52e-3c0ab48ff137,false,,false,,,,1,
7e96251c-62f5-4622-97c0-2f83ffa51d54,7cb8f5cb-1d66-4a8b-a52e-3c0ab48ff137,18,6,2026-03-30T14:44:03.173753+00:00,7716349a-8bb0-46c6-b60c-3594eb7ea60f,false,,,1,7cb8f5cb-1d66-4a8b-a52e-3c0ab48ff137,false,,false,,,,1,
3db52b32-cadd-470c-bf18-186e780d9fd0,06ccd75a-85fb-49da-b531-5ea45a09645f,1,7,2026-03-30T14:52:57.94324+00:00,7716349a-8bb0-46c6-b60c-3594eb7ea60f,false,,,1,06ccd75a-85fb-49da-b531-5ea45a09645f,false,,false,,,,1,
f29215e9-0373-4087-9792-b745cc4059d0,06ccd75a-85fb-49da-b531-5ea45a09645f,2,6,2026-03-30T14:52:57.94324+00:00,7716349a-8bb0-46c6-b60c-3594eb7ea60f,false,,,1,06ccd75a-85fb-49da-b531-5ea45a09645f,false,,false,,,,1,
1c7ad56c-560e-4f1c-a72f-7fb682514185,06ccd75a-85fb-49da-b531-5ea45a09645f,3,5,2026-03-30T14:52:57.94324+00:00,7716349a-8bb0-46c6-b60c-3594eb7ea60f,false,,,1,06ccd75a-85fb-49da-b531-5ea45a09645f,false,,false,,,,1,
7373fcc2-9328-4be7-a278-e7984aa0b8c2,06ccd75a-85fb-49da-b531-5ea45a09645f,4,4,2026-03-30T14:52:57.94324+00:00,7716349a-8bb0-46c6-b60c-3594eb7ea60f,false,,,1,06ccd75a-85fb-49da-b531-5ea45a09645f,false,,false,,,,1,
16e8c9d4-e8fc-455e-a470-ec992cf426f2,06ccd75a-85fb-49da-b531-5ea45a09645f,5,6,2026-03-30T14:52:57.94324+00:00,7716349a-8bb0-46c6-b60c-3594eb7ea60f,false,,,1,06ccd75a-85fb-49da-b531-5ea45a09645f,false,,false,,,,1,
95d75872-26d0-4291-9f76-593f842cbe28,06ccd75a-85fb-49da-b531-5ea45a09645f,6,6,2026-03-30T14:52:57.94324+00:00,7716349a-8bb0-46c6-b60c-3594eb7ea60f,false,,,1,06ccd75a-85fb-49da-b531-5ea45a09645f,false,,false,,,,1,
b618bf2d-778d-4920-88f9-e8172029ba1c,06ccd75a-85fb-49da-b531-5ea45a09645f,7,3,2026-03-30T14:52:57.94324+00:00,7716349a-8bb0-46c6-b60c-3594eb7ea60f,false,,,1,06ccd75a-85fb-49da-b531-5ea45a09645f,false,,false,,,,1,
93be91ac-b439-4910-8603-1408feca7224,06ccd75a-85fb-49da-b531-5ea45a09645f,8,6,2026-03-30T14:52:57.94324+00:00,7716349a-8bb0-46c6-b60c-3594eb7ea60f,false,,,1,06ccd75a-85fb-49da-b531-5ea45a09645f,false,,false,,,,1,
a2a0290a-d796-45a2-998f-9ec1e55aa3a8,06ccd75a-85fb-49da-b531-5ea45a09645f,9,7,2026-03-30T14:52:57.94324+00:00,7716349a-8bb0-46c6-b60c-3594eb7ea60f,false,,,1,06ccd75a-85fb-49da-b531-5ea45a09645f,false,,false,,,,1,
5002ce86-a81f-4a06-a3c1-d91b2f76f044,06ccd75a-85fb-49da-b531-5ea45a09645f,10,6,2026-03-30T14:52:57.94324+00:00,7716349a-8bb0-46c6-b60c-3594eb7ea60f,false,,,1,06ccd75a-85fb-49da-b531-5ea45a09645f,false,,false,,,,1,
81c666c9-005a-4d5c-ac8b-c046aa3808cc,06ccd75a-85fb-49da-b531-5ea45a09645f,11,4,2026-03-30T14:52:57.94324+00:00,7716349a-8bb0-46c6-b60c-3594eb7ea60f,false,,,1,06ccd75a-85fb-49da-b531-5ea45a09645f,false,,false,,,,1,
291babde-c38b-4ffd-bb91-01cfdb4fd59e,06ccd75a-85fb-49da-b531-5ea45a09645f,12,6,2026-03-30T14:52:57.94324+00:00,7716349a-8bb0-46c6-b60c-3594eb7ea60f,false,,,1,06ccd75a-85fb-49da-b531-5ea45a09645f,false,,false,,,,1,
55762d5a-4458-40f2-b3fd-c430e1f778f8,06ccd75a-85fb-49da-b531-5ea45a09645f,13,6,2026-03-30T14:52:57.94324+00:00,7716349a-8bb0-46c6-b60c-3594eb7ea60f,false,,,1,06ccd75a-85fb-49da-b531-5ea45a09645f,false,,false,,,,1,
232f453a-2e9a-47c7-86a5-5c1d71bf25f1,06ccd75a-85fb-49da-b531-5ea45a09645f,14,6,2026-03-30T14:52:57.94324+00:00,7716349a-8bb0-46c6-b60c-3594eb7ea60f,false,,,1,06ccd75a-85fb-49da-b531-5ea45a09645f,false,,false,,,,1,
fee1513e-ed41-4185-8434-b5f051248d37,06ccd75a-85fb-49da-b531-5ea45a09645f,15,4,2026-03-30T14:52:57.94324+00:00,7716349a-8bb0-46c6-b60c-3594eb7ea60f,false,,,1,06ccd75a-85fb-49da-b531-5ea45a09645f,false,,false,,,,1,
e4aab8f4-9128-46f1-b9d6-322e2df2bbb6,06ccd75a-85fb-49da-b531-5ea45a09645f,16,6,2026-03-30T14:52:57.94324+00:00,7716349a-8bb0-46c6-b60c-3594eb7ea60f,false,,,1,06ccd75a-85fb-49da-b531-5ea45a09645f,false,,false,,,,1,
ead0ade9-435e-4dbb-8ff6-1e78028b3793,06ccd75a-85fb-49da-b531-5ea45a09645f,17,6,2026-03-30T14:52:57.94324+00:00,7716349a-8bb0-46c6-b60c-3594eb7ea60f,false,,,1,06ccd75a-85fb-49da-b531-5ea45a09645f,false,,false,,,,1,
8878d96f-f18e-4e5d-bf5d-d89b607369e6,06ccd75a-85fb-49da-b531-5ea45a09645f,18,7,2026-03-30T14:52:57.94324+00:00,7716349a-8bb0-46c6-b60c-3594eb7ea60f,false,,,1,06ccd75a-85fb-49da-b531-5ea45a09645f,false,,false,,,,1,
325ffc89-e183-4a53-ba6e-8e43a530a433,78fb4ed0-ba6c-4b98-a34b-bb8fa7f01091,2,9,2026-03-30T14:53:37.590273+00:00,7716349a-8bb0-46c6-b60c-3594eb7ea60f,false,,,1,78fb4ed0-ba6c-4b98-a34b-bb8fa7f01091,false,,false,,,,1,
e20a1260-5c05-4850-b905-506e4f8d1010,78fb4ed0-ba6c-4b98-a34b-bb8fa7f01091,3,5,2026-03-30T14:53:37.590273+00:00,7716349a-8bb0-46c6-b60c-3594eb7ea60f,false,,,1,78fb4ed0-ba6c-4b98-a34b-bb8fa7f01091,false,,false,,,,1,
ec29bb70-11fa-4baf-b37c-e64c42242f99,78fb4ed0-ba6c-4b98-a34b-bb8fa7f01091,4,4,2026-03-30T14:53:37.590273+00:00,7716349a-8bb0-46c6-b60c-3594eb7ea60f,false,,,1,78fb4ed0-ba6c-4b98-a34b-bb8fa7f01091,false,,false,,,,1,
86b5ba1f-99e5-4287-b976-ea414d0feb60,78fb4ed0-ba6c-4b98-a34b-bb8fa7f01091,5,4,2026-03-30T14:53:37.590273+00:00,7716349a-8bb0-46c6-b60c-3594eb7ea60f,false,,,1,78fb4ed0-ba6c-4b98-a34b-bb8fa7f01091,false,,false,,,,1,
7640220a-68b5-4cba-be11-09d8e83685f5,78fb4ed0-ba6c-4b98-a34b-bb8fa7f01091,6,6,2026-03-30T14:53:37.590273+00:00,7716349a-8bb0-46c6-b60c-3594eb7ea60f,false,,,1,78fb4ed0-ba6c-4b98-a34b-bb8fa7f01091,false,,false,,,,1,
934c153e-e20b-46d9-b1c5-519d7f8bbb68,78fb4ed0-ba6c-4b98-a34b-bb8fa7f01091,7,3,2026-03-30T14:53:37.590273+00:00,7716349a-8bb0-46c6-b60c-3594eb7ea60f,false,,,1,78fb4ed0-ba6c-4b98-a34b-bb8fa7f01091,false,,false,,,,1,
7a2d7690-56c8-4e31-ab07-9efff7780cdc,78fb4ed0-ba6c-4b98-a34b-bb8fa7f01091,8,5,2026-03-30T14:53:37.590273+00:00,7716349a-8bb0-46c6-b60c-3594eb7ea60f,false,,,1,78fb4ed0-ba6c-4b98-a34b-bb8fa7f01091,false,,false,,,,1,
fbc19356-c629-44f6-9e76-25eaa4845c82,78fb4ed0-ba6c-4b98-a34b-bb8fa7f01091,9,8,2026-03-30T14:53:37.590273+00:00,7716349a-8bb0-46c6-b60c-3594eb7ea60f,false,,,1,78fb4ed0-ba6c-4b98-a34b-bb8fa7f01091,false,,false,,,,1,
3301b2cf-df7b-4fba-bda3-3a1ca94fd0e8,78fb4ed0-ba6c-4b98-a34b-bb8fa7f01091,10,5,2026-03-30T14:53:37.590273+00:00,7716349a-8bb0-46c6-b60c-3594eb7ea60f,false,,,1,78fb4ed0-ba6c-4b98-a34b-bb8fa7f01091,false,,false,,,,1,
a2238da7-dc55-4519-a4a5-e5d682e2fb0a,78fb4ed0-ba6c-4b98-a34b-bb8fa7f01091,11,3,2026-03-30T14:53:37.590273+00:00,7716349a-8bb0-46c6-b60c-3594eb7ea60f,false,,,1,78fb4ed0-ba6c-4b98-a34b-bb8fa7f01091,false,,false,,,,1,
277b4a84-63b4-40bc-ac06-66aea2e43feb,78fb4ed0-ba6c-4b98-a34b-bb8fa7f01091,12,3,2026-03-30T14:53:37.590273+00:00,7716349a-8bb0-46c6-b60c-3594eb7ea60f,false,,,1,78fb4ed0-ba6c-4b98-a34b-bb8fa7f01091,false,,false,,,,1,
38e223a4-fa1f-47ef-a256-8e198228d8a2,78fb4ed0-ba6c-4b98-a34b-bb8fa7f01091,13,5,2026-03-30T14:53:37.590273+00:00,7716349a-8bb0-46c6-b60c-3594eb7ea60f,false,,,1,78fb4ed0-ba6c-4b98-a34b-bb8fa7f01091,false,,false,,,,1,
da1202eb-ab82-4843-b584-7ed83edb2309,78fb4ed0-ba6c-4b98-a34b-bb8fa7f01091,14,6,2026-03-30T14:53:37.590273+00:00,7716349a-8bb0-46c6-b60c-3594eb7ea60f,false,,,1,78fb4ed0-ba6c-4b98-a34b-bb8fa7f01091,false,,false,,,,1,
fe9e0020-f7ed-486a-8c40-685a072b6877,78fb4ed0-ba6c-4b98-a34b-bb8fa7f01091,15,4,2026-03-30T14:53:37.590273+00:00,7716349a-8bb0-46c6-b60c-3594eb7ea60f,false,,,1,78fb4ed0-ba6c-4b98-a34b-bb8fa7f01091,false,,false,,,,1,
ccd1c825-4969-4b43-9216-b9d07226eda3,78fb4ed0-ba6c-4b98-a34b-bb8fa7f01091,16,4,2026-03-30T14:53:37.590273+00:00,7716349a-8bb0-46c6-b60c-3594eb7ea60f,false,,,1,78fb4ed0-ba6c-4b98-a34b-bb8fa7f01091,false,,false,,,,1,
910ff66e-61c4-4565-8998-09e77c13caed,78fb4ed0-ba6c-4b98-a34b-bb8fa7f01091,17,6,2026-03-30T14:53:37.590273+00:00,7716349a-8bb0-46c6-b60c-3594eb7ea60f,false,,,1,78fb4ed0-ba6c-4b98-a34b-bb8fa7f01091,false,,false,,,,1,
5a673aad-a510-4d31-9ad8-91ec89eda104,78fb4ed0-ba6c-4b98-a34b-bb8fa7f01091,18,13,2026-03-30T14:53:37.590273+00:00,7716349a-8bb0-46c6-b60c-3594eb7ea60f,false,,,1,78fb4ed0-ba6c-4b98-a34b-bb8fa7f01091,false,,false,,,,1,
ce207804-86f8-4de7-8487-dc3fcd67e681,ee5ab7c6-0546-4277-8d04-5e6b48ea52a3,2,5,2026-03-30T14:54:31.140514+00:00,7716349a-8bb0-46c6-b60c-3594eb7ea60f,false,,,1,ee5ab7c6-0546-4277-8d04-5e6b48ea52a3,false,,false,,,,1,
57ae8e2b-7b66-4a9c-96fb-235d0afb4efa,ee5ab7c6-0546-4277-8d04-5e6b48ea52a3,3,5,2026-03-30T14:54:31.140514+00:00,7716349a-8bb0-46c6-b60c-3594eb7ea60f,false,,,1,ee5ab7c6-0546-4277-8d04-5e6b48ea52a3,false,,false,,,,1,
426cf801-dadd-4238-a65d-5d5790ae55e6,ee5ab7c6-0546-4277-8d04-5e6b48ea52a3,4,4,2026-03-30T14:54:31.140514+00:00,7716349a-8bb0-46c6-b60c-3594eb7ea60f,false,,,1,ee5ab7c6-0546-4277-8d04-5e6b48ea52a3,false,,false,,,,1,
15194836-abc9-4676-b386-11174c0351c5,ee5ab7c6-0546-4277-8d04-5e6b48ea52a3,5,5,2026-03-30T14:54:31.140514+00:00,7716349a-8bb0-46c6-b60c-3594eb7ea60f,false,,,1,ee5ab7c6-0546-4277-8d04-5e6b48ea52a3,false,,false,,,,1,
c35fb4d8-9a55-48d4-828f-066e13c612f6,ee5ab7c6-0546-4277-8d04-5e6b48ea52a3,6,4,2026-03-30T14:54:31.140514+00:00,7716349a-8bb0-46c6-b60c-3594eb7ea60f,false,,,1,ee5ab7c6-0546-4277-8d04-5e6b48ea52a3,false,,false,,,,1,
7c3099bf-e71d-48e1-9833-4af3d9b9a844,ee5ab7c6-0546-4277-8d04-5e6b48ea52a3,7,4,2026-03-30T14:54:31.140514+00:00,7716349a-8bb0-46c6-b60c-3594eb7ea60f,false,,,1,ee5ab7c6-0546-4277-8d04-5e6b48ea52a3,false,,false,,,,1,
149d0917-b466-40f1-826d-f6ccb57ccc10,ee5ab7c6-0546-4277-8d04-5e6b48ea52a3,8,5,2026-03-30T14:54:31.140514+00:00,7716349a-8bb0-46c6-b60c-3594eb7ea60f,false,,,1,ee5ab7c6-0546-4277-8d04-5e6b48ea52a3,false,,false,,,,1,
a55b7237-a77a-449a-98d9-6d8d523c7aba,ee5ab7c6-0546-4277-8d04-5e6b48ea52a3,9,9,2026-03-30T14:54:31.140514+00:00,7716349a-8bb0-46c6-b60c-3594eb7ea60f,false,,,1,ee5ab7c6-0546-4277-8d04-5e6b48ea52a3,false,,false,,,,1,
a8c36a1e-6ed8-4749-abc7-7a4230fa76fc,ee5ab7c6-0546-4277-8d04-5e6b48ea52a3,10,4,2026-03-30T14:54:31.140514+00:00,7716349a-8bb0-46c6-b60c-3594eb7ea60f,false,,,1,ee5ab7c6-0546-4277-8d04-5e6b48ea52a3,false,,false,,,,1,
82a4f326-b0df-4d59-bf82-6674746c43fa,ee5ab7c6-0546-4277-8d04-5e6b48ea52a3,11,4,2026-03-30T14:54:31.140514+00:00,7716349a-8bb0-46c6-b60c-3594eb7ea60f,false,,,1,ee5ab7c6-0546-4277-8d04-5e6b48ea52a3,false,,false,,,,1,
d0d99150-cd87-453c-b24c-b9a5135af831,ee5ab7c6-0546-4277-8d04-5e6b48ea52a3,12,5,2026-03-30T14:54:31.140514+00:00,7716349a-8bb0-46c6-b60c-3594eb7ea60f,false,,,1,ee5ab7c6-0546-4277-8d04-5e6b48ea52a3,false,,false,,,,1,
90b191ce-55fb-4433-86ef-4c08ad41a69a,ee5ab7c6-0546-4277-8d04-5e6b48ea52a3,13,5,2026-03-30T14:54:31.140514+00:00,7716349a-8bb0-46c6-b60c-3594eb7ea60f,false,,,1,ee5ab7c6-0546-4277-8d04-5e6b48ea52a3,false,,false,,,,1,
f3e5bc5c-6270-4c6f-be46-23de2507053d,ee5ab7c6-0546-4277-8d04-5e6b48ea52a3,14,6,2026-03-30T14:54:31.140514+00:00,7716349a-8bb0-46c6-b60c-3594eb7ea60f,false,,,1,ee5ab7c6-0546-4277-8d04-5e6b48ea52a3,false,,false,,,,1,
8eb13d1d-249c-4f7a-abfd-7e05069d8bb9,ee5ab7c6-0546-4277-8d04-5e6b48ea52a3,15,4,2026-03-30T14:54:31.140514+00:00,7716349a-8bb0-46c6-b60c-3594eb7ea60f,false,,,1,ee5ab7c6-0546-4277-8d04-5e6b48ea52a3,false,,false,,,,1,
09625e25-a688-4718-a92b-531c76f41a81,ee5ab7c6-0546-4277-8d04-5e6b48ea52a3,16,4,2026-03-30T14:54:31.140514+00:00,7716349a-8bb0-46c6-b60c-3594eb7ea60f,false,,,1,ee5ab7c6-0546-4277-8d04-5e6b48ea52a3,false,,false,,,,1,
5d6f15a1-8903-4bff-ad57-64f044d3cb83,ee5ab7c6-0546-4277-8d04-5e6b48ea52a3,17,6,2026-03-30T14:54:31.140514+00:00,7716349a-8bb0-46c6-b60c-3594eb7ea60f,false,,,1,ee5ab7c6-0546-4277-8d04-5e6b48ea52a3,false,,false,,,,1,
300c53e9-e589-476c-846b-fec07ec03499,ee5ab7c6-0546-4277-8d04-5e6b48ea52a3,18,5,2026-03-30T14:54:31.140514+00:00,7716349a-8bb0-46c6-b60c-3594eb7ea60f,false,,,1,ee5ab7c6-0546-4277-8d04-5e6b48ea52a3,false,,false,,,,1,
c2317bcb-50c6-4e88-8fc7-dccaabc3f7ed,44447724-0d2c-4601-b0c6-e53714d03f63,2,6,2026-03-30T14:56:17.668945+00:00,7716349a-8bb0-46c6-b60c-3594eb7ea60f,false,,,1,44447724-0d2c-4601-b0c6-e53714d03f63,false,,false,,,,1,
dcd1be51-bd49-4e87-b983-80fb2ac445ef,44447724-0d2c-4601-b0c6-e53714d03f63,3,5,2026-03-30T14:56:17.668945+00:00,7716349a-8bb0-46c6-b60c-3594eb7ea60f,false,,,1,44447724-0d2c-4601-b0c6-e53714d03f63,false,,false,,,,1,
cde494e9-ab58-4376-b3a8-4ae229723d94,44447724-0d2c-4601-b0c6-e53714d03f63,4,4,2026-03-30T14:56:17.668945+00:00,7716349a-8bb0-46c6-b60c-3594eb7ea60f,false,,,1,44447724-0d2c-4601-b0c6-e53714d03f63,false,,false,,,,1,
a0259815-2bf4-49eb-8255-4b7bc81fb33a,44447724-0d2c-4601-b0c6-e53714d03f63,5,5,2026-03-30T14:56:17.668945+00:00,7716349a-8bb0-46c6-b60c-3594eb7ea60f,false,,,1,44447724-0d2c-4601-b0c6-e53714d03f63,false,,false,,,,1,
f8ddf5aa-5e33-4435-99ab-dc160dead2a9,44447724-0d2c-4601-b0c6-e53714d03f63,6,7,2026-03-30T14:56:17.668945+00:00,7716349a-8bb0-46c6-b60c-3594eb7ea60f,false,,,1,44447724-0d2c-4601-b0c6-e53714d03f63,false,,false,,,,1,
2336a69d-c2d0-4bc0-ba94-12fb2f2851c7,44447724-0d2c-4601-b0c6-e53714d03f63,7,3,2026-03-30T14:56:17.668945+00:00,7716349a-8bb0-46c6-b60c-3594eb7ea60f,false,,,1,44447724-0d2c-4601-b0c6-e53714d03f63,false,,false,,,,1,
7c74d8cf-3bfa-4939-bb91-7b8845256205,44447724-0d2c-4601-b0c6-e53714d03f63,8,5,2026-03-30T14:56:17.668945+00:00,7716349a-8bb0-46c6-b60c-3594eb7ea60f,false,,,1,44447724-0d2c-4601-b0c6-e53714d03f63,false,,false,,,,1,
00a44a51-f1f5-45ea-9b42-b1519de5bb30,44447724-0d2c-4601-b0c6-e53714d03f63,9,8,2026-03-30T14:56:17.668945+00:00,7716349a-8bb0-46c6-b60c-3594eb7ea60f,false,,,1,44447724-0d2c-4601-b0c6-e53714d03f63,false,,false,,,,1,
261ac38d-a207-454f-88e3-165488fd9446,44447724-0d2c-4601-b0c6-e53714d03f63,10,4,2026-03-30T14:56:17.668945+00:00,7716349a-8bb0-46c6-b60c-3594eb7ea60f,false,,,1,44447724-0d2c-4601-b0c6-e53714d03f63,false,,false,,,,1,
8eb90155-45f0-4b1d-b07a-8726cbfac50e,44447724-0d2c-4601-b0c6-e53714d03f63,11,3,2026-03-30T14:56:17.668945+00:00,7716349a-8bb0-46c6-b60c-3594eb7ea60f,false,,,1,44447724-0d2c-4601-b0c6-e53714d03f63,false,,false,,,,1,
fad3196d-e02a-4e45-b22d-41e16d1a4f97,44447724-0d2c-4601-b0c6-e53714d03f63,12,6,2026-03-30T14:56:17.668945+00:00,7716349a-8bb0-46c6-b60c-3594eb7ea60f,false,,,1,44447724-0d2c-4601-b0c6-e53714d03f63,false,,false,,,,1,
9e95926e-c93d-42fd-9b5c-11e36ba043a9,44447724-0d2c-4601-b0c6-e53714d03f63,13,6,2026-03-30T14:56:17.668945+00:00,7716349a-8bb0-46c6-b60c-3594eb7ea60f,false,,,1,44447724-0d2c-4601-b0c6-e53714d03f63,false,,false,,,,1,
a16e7d6c-e529-491a-a5eb-8b511fdfc5b7,44447724-0d2c-4601-b0c6-e53714d03f63,14,7,2026-03-30T14:56:17.668945+00:00,7716349a-8bb0-46c6-b60c-3594eb7ea60f,false,,,1,44447724-0d2c-4601-b0c6-e53714d03f63,false,,false,,,,1,
9cd2f78c-d608-4167-9af5-b2bf8babd969,44447724-0d2c-4601-b0c6-e53714d03f63,15,4,2026-03-30T14:56:17.668945+00:00,7716349a-8bb0-46c6-b60c-3594eb7ea60f,false,,,1,44447724-0d2c-4601-b0c6-e53714d03f63,false,,false,,,,1,
571b7d1a-94c9-4395-b7cb-beff4e7cd7ff,44447724-0d2c-4601-b0c6-e53714d03f63,16,5,2026-03-30T14:56:17.668945+00:00,7716349a-8bb0-46c6-b60c-3594eb7ea60f,false,,,1,44447724-0d2c-4601-b0c6-e53714d03f63,false,,false,,,,1,
a2026434-9cd5-4265-9b47-df20e12cf1fe,44447724-0d2c-4601-b0c6-e53714d03f63,17,7,2026-03-30T14:56:17.668945+00:00,7716349a-8bb0-46c6-b60c-3594eb7ea60f,false,,,1,44447724-0d2c-4601-b0c6-e53714d03f63,false,,false,,,,1,
5f7a547c-b857-4bcd-8cdb-3d28e3c9391a,44447724-0d2c-4601-b0c6-e53714d03f63,18,6,2026-03-30T14:56:17.668945+00:00,7716349a-8bb0-46c6-b60c-3594eb7ea60f,false,,,1,44447724-0d2c-4601-b0c6-e53714d03f63,false,,false,,,,1,
8091f126-8bce-4e98-90ec-57b17c30eeb8,bd565cdc-2b20-4ee1-8358-1c3f10ec8acf,2,5,2026-03-30T14:57:31.875058+00:00,7716349a-8bb0-46c6-b60c-3594eb7ea60f,false,,,1,bd565cdc-2b20-4ee1-8358-1c3f10ec8acf,false,,false,,,,1,
3be2d761-5bce-49f1-b2c2-2edd1d76182f,bd565cdc-2b20-4ee1-8358-1c3f10ec8acf,3,6,2026-03-30T14:57:31.875058+00:00,7716349a-8bb0-46c6-b60c-3594eb7ea60f,false,,,1,bd565cdc-2b20-4ee1-8358-1c3f10ec8acf,false,,false,,,,1,
581c1780-7c7c-4381-a2a1-acfc5eab4142,bd565cdc-2b20-4ee1-8358-1c3f10ec8acf,4,3,2026-03-30T14:57:31.875058+00:00,7716349a-8bb0-46c6-b60c-3594eb7ea60f,false,,,1,bd565cdc-2b20-4ee1-8358-1c3f10ec8acf,false,,false,,,,1,
76afeb25-22e9-4af0-ae89-2c02396ef382,bd565cdc-2b20-4ee1-8358-1c3f10ec8acf,5,4,2026-03-30T14:57:31.875058+00:00,7716349a-8bb0-46c6-b60c-3594eb7ea60f,false,,,1,bd565cdc-2b20-4ee1-8358-1c3f10ec8acf,false,,false,,,,1,
138bf072-cc77-417f-9b8f-61b4c3f0eb29,bd565cdc-2b20-4ee1-8358-1c3f10ec8acf,6,3,2026-03-30T14:57:31.875058+00:00,7716349a-8bb0-46c6-b60c-3594eb7ea60f,false,,,1,bd565cdc-2b20-4ee1-8358-1c3f10ec8acf,false,,false,,,,1,
4934a522-04d2-45a6-8003-a138b8f0a895,bd565cdc-2b20-4ee1-8358-1c3f10ec8acf,7,6,2026-03-30T14:57:31.875058+00:00,7716349a-8bb0-46c6-b60c-3594eb7ea60f,false,,,1,bd565cdc-2b20-4ee1-8358-1c3f10ec8acf,false,,false,,,,1,
3e973642-98a3-42f6-89ef-cadff8811918,bd565cdc-2b20-4ee1-8358-1c3f10ec8acf,8,6,2026-03-30T14:57:31.875058+00:00,7716349a-8bb0-46c6-b60c-3594eb7ea60f,false,,,1,bd565cdc-2b20-4ee1-8358-1c3f10ec8acf,false,,false,,,,1,
b79b8874-b9b9-4ba1-b81c-6121d9838384,bd565cdc-2b20-4ee1-8358-1c3f10ec8acf,9,7,2026-03-30T14:57:31.875058+00:00,7716349a-8bb0-46c6-b60c-3594eb7ea60f,false,,,1,bd565cdc-2b20-4ee1-8358-1c3f10ec8acf,false,,false,,,,1,
8cc98cac-589d-45e9-96c6-71c3fed07961,bd565cdc-2b20-4ee1-8358-1c3f10ec8acf,10,5,2026-03-30T14:57:31.875058+00:00,7716349a-8bb0-46c6-b60c-3594eb7ea60f,false,,,1,bd565cdc-2b20-4ee1-8358-1c3f10ec8acf,false,,false,,,,1,
a2f3f341-c03c-419d-80ef-9a5410c95e35,bd565cdc-2b20-4ee1-8358-1c3f10ec8acf,11,4,2026-03-30T14:57:31.875058+00:00,7716349a-8bb0-46c6-b60c-3594eb7ea60f,false,,,1,bd565cdc-2b20-4ee1-8358-1c3f10ec8acf,false,,false,,,,1,
0a01cdbb-737d-4a8a-afba-2281b8c3e037,bd565cdc-2b20-4ee1-8358-1c3f10ec8acf,12,4,2026-03-30T14:57:31.875058+00:00,7716349a-8bb0-46c6-b60c-3594eb7ea60f,false,,,1,bd565cdc-2b20-4ee1-8358-1c3f10ec8acf,false,,false,,,,1,
1de1efba-2d8d-4992-8032-8f071e853674,bd565cdc-2b20-4ee1-8358-1c3f10ec8acf,13,4,2026-03-30T14:57:31.875058+00:00,7716349a-8bb0-46c6-b60c-3594eb7ea60f,false,,,1,bd565cdc-2b20-4ee1-8358-1c3f10ec8acf,false,,false,,,,1,
7476fedb-1971-4707-a820-77a5ae1ab915,bd565cdc-2b20-4ee1-8358-1c3f10ec8acf,14,6,2026-03-30T14:57:31.875058+00:00,7716349a-8bb0-46c6-b60c-3594eb7ea60f,false,,,1,bd565cdc-2b20-4ee1-8358-1c3f10ec8acf,false,,false,,,,1,
31290c2b-6801-4d70-aa8a-55938dd4a7c3,bd565cdc-2b20-4ee1-8358-1c3f10ec8acf,15,4,2026-03-30T14:57:31.875058+00:00,7716349a-8bb0-46c6-b60c-3594eb7ea60f,false,,,1,bd565cdc-2b20-4ee1-8358-1c3f10ec8acf,false,,false,,,,1,
a853bc78-f0b6-446a-8ef8-9c0386fe3f98,bd565cdc-2b20-4ee1-8358-1c3f10ec8acf,16,6,2026-03-30T14:57:31.875058+00:00,7716349a-8bb0-46c6-b60c-3594eb7ea60f,false,,,1,bd565cdc-2b20-4ee1-8358-1c3f10ec8acf,false,,false,,,,1,
e2d8f96b-cbc6-473c-b940-565066ea569d,bd565cdc-2b20-4ee1-8358-1c3f10ec8acf,17,7,2026-03-30T14:57:31.875058+00:00,7716349a-8bb0-46c6-b60c-3594eb7ea60f,false,,,1,bd565cdc-2b20-4ee1-8358-1c3f10ec8acf,false,,false,,,,1,
47145cbb-8cac-4a0c-9325-d156e020a580,bd565cdc-2b20-4ee1-8358-1c3f10ec8acf,18,3,2026-03-30T14:57:31.875058+00:00,7716349a-8bb0-46c6-b60c-3594eb7ea60f,false,,,1,bd565cdc-2b20-4ee1-8358-1c3f10ec8acf,false,,false,,,,1,
f2418414-1602-47ec-8917-55824a5abaaf,fdd25cd4-90fe-4002-b08b-95ff807080ba,5,3,2026-03-30T15:02:30.241205+00:00,7716349a-8bb0-46c6-b60c-3594eb7ea60f,false,,,1,fdd25cd4-90fe-4002-b08b-95ff807080ba,false,,false,,,,1,fdd25cd4-90fe-4002-b08b-95ff807080ba
add54956-7601-4441-8957-085d17cee005,fdd25cd4-90fe-4002-b08b-95ff807080ba,6,4,2026-03-30T15:02:30.241205+00:00,7716349a-8bb0-46c6-b60c-3594eb7ea60f,false,,,1,fdd25cd4-90fe-4002-b08b-95ff807080ba,false,,false,,,,1,
19d7cb30-4318-4ec4-a999-602d90da4393,fdd25cd4-90fe-4002-b08b-95ff807080ba,7,4,2026-03-30T15:02:30.241205+00:00,7716349a-8bb0-46c6-b60c-3594eb7ea60f,false,,,1,fdd25cd4-90fe-4002-b08b-95ff807080ba,false,,false,,,,1,
e29a1d27-8c96-4380-808f-4fd0ec162aea,fdd25cd4-90fe-4002-b08b-95ff807080ba,8,6,2026-03-30T15:02:30.241205+00:00,7716349a-8bb0-46c6-b60c-3594eb7ea60f,false,,,1,fdd25cd4-90fe-4002-b08b-95ff807080ba,false,,false,,,,1,
c62ccb7d-6332-4fb8-8f7c-f7a4dd59410d,fdd25cd4-90fe-4002-b08b-95ff807080ba,9,7,2026-03-30T15:02:30.241205+00:00,7716349a-8bb0-46c6-b60c-3594eb7ea60f,false,,,1,fdd25cd4-90fe-4002-b08b-95ff807080ba,false,,false,,,,1,
13d86bcb-28b0-4eb3-a052-e159a6763470,fdd25cd4-90fe-4002-b08b-95ff807080ba,10,6,2026-03-30T15:02:30.241205+00:00,7716349a-8bb0-46c6-b60c-3594eb7ea60f,false,,,1,fdd25cd4-90fe-4002-b08b-95ff807080ba,false,,false,,,,1,
40bfb60d-7c84-49ec-b867-e2377e301e69,fdd25cd4-90fe-4002-b08b-95ff807080ba,11,3,2026-03-30T15:02:30.241205+00:00,7716349a-8bb0-46c6-b60c-3594eb7ea60f,false,,,1,fdd25cd4-90fe-4002-b08b-95ff807080ba,false,,false,,,,1,
d9e2484e-8337-4265-878a-b8c705bfd10c,fdd25cd4-90fe-4002-b08b-95ff807080ba,12,6,2026-03-30T15:02:30.241205+00:00,7716349a-8bb0-46c6-b60c-3594eb7ea60f,false,,,1,fdd25cd4-90fe-4002-b08b-95ff807080ba,false,,false,,,,1,
f9d7f37a-e6c8-47b8-a85b-fdd9147c8e0a,fdd25cd4-90fe-4002-b08b-95ff807080ba,13,4,2026-03-30T15:02:30.241205+00:00,7716349a-8bb0-46c6-b60c-3594eb7ea60f,false,,,1,fdd25cd4-90fe-4002-b08b-95ff807080ba,false,,false,,,,1,
b681beb3-ea5c-4d7c-9c9e-b3e58b32add5,fdd25cd4-90fe-4002-b08b-95ff807080ba,14,5,2026-03-30T15:02:30.241205+00:00,7716349a-8bb0-46c6-b60c-3594eb7ea60f,false,,,1,fdd25cd4-90fe-4002-b08b-95ff807080ba,false,,false,,,,1,
99851478-792d-42b8-9677-60fbe9ee5356,fdd25cd4-90fe-4002-b08b-95ff807080ba,15,3,2026-03-30T15:02:30.241205+00:00,7716349a-8bb0-46c6-b60c-3594eb7ea60f,false,,,1,fdd25cd4-90fe-4002-b08b-95ff807080ba,false,,false,,,,1,
b60a13e1-91a5-4c89-8d10-2ba367d41829,fdd25cd4-90fe-4002-b08b-95ff807080ba,16,3,2026-03-30T15:02:30.241205+00:00,7716349a-8bb0-46c6-b60c-3594eb7ea60f,false,,,1,fdd25cd4-90fe-4002-b08b-95ff807080ba,false,,false,,,,1,
8f218c7b-a4e6-46db-b462-aafd0a04ba25,fdd25cd4-90fe-4002-b08b-95ff807080ba,17,5,2026-03-30T15:02:30.241205+00:00,7716349a-8bb0-46c6-b60c-3594eb7ea60f,false,,,1,fdd25cd4-90fe-4002-b08b-95ff807080ba,false,,false,,,,1,
716b830d-7b0a-4384-baa4-4304e1861c11,fdd25cd4-90fe-4002-b08b-95ff807080ba,18,4,2026-03-30T15:02:30.241205+00:00,7716349a-8bb0-46c6-b60c-3594eb7ea60f,false,,,1,fdd25cd4-90fe-4002-b08b-95ff807080ba,false,,false,,,,1,
512360f4-71cd-4909-a150-f7d6d4f4e73e,c9c44f56-2b25-4444-be7a-60dcb33140b2,9,6,2026-03-30T15:10:55.278222+00:00,7716349a-8bb0-46c6-b60c-3594eb7ea60f,false,,,1,c9c44f56-2b25-4444-be7a-60dcb33140b2,false,,false,,,,1,
2d9383d4-ecd0-478e-92d2-dadfa933aec7,c9c44f56-2b25-4444-be7a-60dcb33140b2,10,4,2026-03-30T15:10:55.278222+00:00,7716349a-8bb0-46c6-b60c-3594eb7ea60f,false,,,1,c9c44f56-2b25-4444-be7a-60dcb33140b2,false,,false,,,,1,
e4c7d9be-f702-4056-822f-5b899340a1d3,c9c44f56-2b25-4444-be7a-60dcb33140b2,11,3,2026-03-30T15:10:55.278222+00:00,7716349a-8bb0-46c6-b60c-3594eb7ea60f,false,,,1,c9c44f56-2b25-4444-be7a-60dcb33140b2,false,,false,,,,1,
9e38125c-019f-4d76-82a9-c5977a71078d,c9c44f56-2b25-4444-be7a-60dcb33140b2,12,5,2026-03-30T15:10:55.278222+00:00,7716349a-8bb0-46c6-b60c-3594eb7ea60f,false,,,1,c9c44f56-2b25-4444-be7a-60dcb33140b2,false,,false,,,,1,
9199648e-b3c7-4982-9e0f-4e5253ca0ffa,c9c44f56-2b25-4444-be7a-60dcb33140b2,13,5,2026-03-30T15:10:55.278222+00:00,7716349a-8bb0-46c6-b60c-3594eb7ea60f,false,,,1,c9c44f56-2b25-4444-be7a-60dcb33140b2,false,,false,,,,1,
81995829-48b3-4d65-b29b-c881c0fc3eab,c9c44f56-2b25-4444-be7a-60dcb33140b2,14,6,2026-03-30T15:10:55.278222+00:00,7716349a-8bb0-46c6-b60c-3594eb7ea60f,false,,,1,c9c44f56-2b25-4444-be7a-60dcb33140b2,false,,false,,,,1,
cdcfbe07-1baf-4b36-a534-af24e8d0d7ce,c9c44f56-2b25-4444-be7a-60dcb33140b2,15,4,2026-03-30T15:10:55.278222+00:00,7716349a-8bb0-46c6-b60c-3594eb7ea60f,false,,,1,c9c44f56-2b25-4444-be7a-60dcb33140b2,false,,false,,,,1,
599af654-7de1-4126-8880-cd8105f10a88,c9c44f56-2b25-4444-be7a-60dcb33140b2,16,5,2026-03-30T15:10:55.278222+00:00,7716349a-8bb0-46c6-b60c-3594eb7ea60f,false,,,1,c9c44f56-2b25-4444-be7a-60dcb33140b2,false,,false,,,,1,
00d3c335-8566-4acf-a301-769772f3dfaa,c9c44f56-2b25-4444-be7a-60dcb33140b2,17,5,2026-03-30T15:10:55.278222+00:00,7716349a-8bb0-46c6-b60c-3594eb7ea60f,false,,,1,c9c44f56-2b25-4444-be7a-60dcb33140b2,false,,false,,,,1,
fd94f9fe-a55b-48fc-acb1-89befa0ac027,,1,6,2026-03-31T11:05:43.236+00:00,7716349a-8bb0-46c6-b60c-3594eb7ea60f,false,,,1,07cfbc31-606f-4838-ba17-578e0720215d,false,,false,,,,2,07cfbc31-606f-4838-ba17-578e0720215d
a7954ecf-bfe1-4fb1-aa6d-221e855ea18c,,1,6,2026-03-31T11:06:56.451719+00:00,7716349a-8bb0-46c6-b60c-3594eb7ea60f,false,,,1,117030b2-c7c3-4bab-ac1d-2b3b81b2b9d1,false,,false,,,,2,117030b2-c7c3-4bab-ac1d-2b3b81b2b9d1
79079e15-305d-4b82-9a83-66e6c35a0db9,,2,5,2026-03-31T11:06:56.451719+00:00,7716349a-8bb0-46c6-b60c-3594eb7ea60f,false,,,1,117030b2-c7c3-4bab-ac1d-2b3b81b2b9d1,false,,false,,,,2,117030b2-c7c3-4bab-ac1d-2b3b81b2b9d1
8301a409-30d0-4412-b918-305630915463,,3,4,2026-03-31T11:06:56.451719+00:00,7716349a-8bb0-46c6-b60c-3594eb7ea60f,false,,,1,117030b2-c7c3-4bab-ac1d-2b3b81b2b9d1,false,,false,,,,2,117030b2-c7c3-4bab-ac1d-2b3b81b2b9d1
be5571d8-852f-433a-8bc0-37edc6c4c910,,4,4,2026-03-31T11:06:56.451719+00:00,7716349a-8bb0-46c6-b60c-3594eb7ea60f,false,,,1,117030b2-c7c3-4bab-ac1d-2b3b81b2b9d1,false,,false,,,,2,117030b2-c7c3-4bab-ac1d-2b3b81b2b9d1
8faa2f37-4d52-413b-bc1d-020492014945,,5,5,2026-03-31T11:06:56.451719+00:00,7716349a-8bb0-46c6-b60c-3594eb7ea60f,false,,,1,117030b2-c7c3-4bab-ac1d-2b3b81b2b9d1,false,,false,,,,2,117030b2-c7c3-4bab-ac1d-2b3b81b2b9d1
bf58e1e6-6bc4-4a5d-81c7-4d149fb3f01d,,6,5,2026-03-31T11:06:56.451719+00:00,7716349a-8bb0-46c6-b60c-3594eb7ea60f,false,,,1,117030b2-c7c3-4bab-ac1d-2b3b81b2b9d1,false,,false,,,,2,117030b2-c7c3-4bab-ac1d-2b3b81b2b9d1
a5eea093-4f8e-4e6a-97bf-995f7974d82e,,7,3,2026-03-31T11:06:56.451719+00:00,7716349a-8bb0-46c6-b60c-3594eb7ea60f,false,,,1,117030b2-c7c3-4bab-ac1d-2b3b81b2b9d1,false,,false,,,,2,117030b2-c7c3-4bab-ac1d-2b3b81b2b9d1
29273e7a-1e29-4570-9c42-2b76430989ed,,8,4,2026-03-31T11:06:56.451719+00:00,7716349a-8bb0-46c6-b60c-3594eb7ea60f,false,,,1,117030b2-c7c3-4bab-ac1d-2b3b81b2b9d1,false,,false,,,,2,117030b2-c7c3-4bab-ac1d-2b3b81b2b9d1
916eefb5-a4dc-4328-a187-7d20453b133a,,9,6,2026-03-31T11:06:56.451719+00:00,7716349a-8bb0-46c6-b60c-3594eb7ea60f,false,,,1,117030b2-c7c3-4bab-ac1d-2b3b81b2b9d1,false,,false,,,,2,117030b2-c7c3-4bab-ac1d-2b3b81b2b9d1
6e522622-1964-4c89-abb4-be415c5bf677,,1,5,2026-03-31T11:07:29.652586+00:00,7716349a-8bb0-46c6-b60c-3594eb7ea60f,false,,,1,19b44c8b-f73c-464f-a197-236cf91f225b,false,,false,,,,2,19b44c8b-f73c-464f-a197-236cf91f225b
801a8c3b-8fff-44b5-a071-16d65e6db73e,,2,3,2026-03-31T11:07:29.652586+00:00,7716349a-8bb0-46c6-b60c-3594eb7ea60f,false,,,1,19b44c8b-f73c-464f-a197-236cf91f225b,false,,false,,,,2,19b44c8b-f73c-464f-a197-236cf91f225b
6f7cf547-4c52-4592-8da7-7252c3336e3f,,3,5,2026-03-31T11:07:29.652586+00:00,7716349a-8bb0-46c6-b60c-3594eb7ea60f,false,,,1,19b44c8b-f73c-464f-a197-236cf91f225b,false,,false,,,,2,19b44c8b-f73c-464f-a197-236cf91f225b
f16ed3b6-610d-43de-8e23-328dbb540ae8,,4,4,2026-03-31T11:07:29.652586+00:00,7716349a-8bb0-46c6-b60c-3594eb7ea60f,false,,,1,19b44c8b-f73c-464f-a197-236cf91f225b,false,,false,,,,2,19b44c8b-f73c-464f-a197-236cf91f225b
0a23b4cd-20f9-46df-96ee-763b8ede78a5,,5,4,2026-03-31T11:07:29.652586+00:00,7716349a-8bb0-46c6-b60c-3594eb7ea60f,false,,,1,19b44c8b-f73c-464f-a197-236cf91f225b,false,,false,,,,2,19b44c8b-f73c-464f-a197-236cf91f225b
91dde701-6096-4b36-bbfe-ef4f02ec5f64,,6,4,2026-03-31T11:07:29.652586+00:00,7716349a-8bb0-46c6-b60c-3594eb7ea60f,false,,,1,19b44c8b-f73c-464f-a197-236cf91f225b,false,,false,,,,2,19b44c8b-f73c-464f-a197-236cf91f225b
f9d27b96-341b-43ea-903b-0d0be6821a21,,7,4,2026-03-31T11:07:29.652586+00:00,7716349a-8bb0-46c6-b60c-3594eb7ea60f,false,,,1,19b44c8b-f73c-464f-a197-236cf91f225b,false,,false,,,,2,19b44c8b-f73c-464f-a197-236cf91f225b
b4dee5e2-5e83-4bb4-baa8-228ec9018b79,,8,6,2026-03-31T11:07:29.652586+00:00,7716349a-8bb0-46c6-b60c-3594eb7ea60f,false,,,1,19b44c8b-f73c-464f-a197-236cf91f225b,false,,false,,,,2,19b44c8b-f73c-464f-a197-236cf91f225b
540520c6-6311-4050-838a-00d5ebb2c5e6,,9,4,2026-03-31T11:07:29.652586+00:00,7716349a-8bb0-46c6-b60c-3594eb7ea60f,false,,,1,19b44c8b-f73c-464f-a197-236cf91f225b,false,,false,,,,2,19b44c8b-f73c-464f-a197-236cf91f225b
bfeac263-a82e-4913-8616-3b5ebdd78d55,,1,5,2026-03-31T11:07:59.634125+00:00,7716349a-8bb0-46c6-b60c-3594eb7ea60f,false,,,1,7c4671ff-76ee-4a70-b912-6aa7354774ee,false,,false,,,,2,7c4671ff-76ee-4a70-b912-6aa7354774ee
07849044-11e5-42aa-ba61-0fcd68c95686,,2,3,2026-03-31T11:07:59.634125+00:00,7716349a-8bb0-46c6-b60c-3594eb7ea60f,false,,,1,7c4671ff-76ee-4a70-b912-6aa7354774ee,false,,false,,,,2,7c4671ff-76ee-4a70-b912-6aa7354774ee
ea5c3987-fc01-478d-853a-7691748416a6,,3,3,2026-03-31T11:07:59.634125+00:00,7716349a-8bb0-46c6-b60c-3594eb7ea60f,false,,,1,7c4671ff-76ee-4a70-b912-6aa7354774ee,false,,false,,,,2,7c4671ff-76ee-4a70-b912-6aa7354774ee
05ea0cd9-9da4-4e02-8504-e419cf621be3,,4,4,2026-03-31T11:07:59.634125+00:00,7716349a-8bb0-46c6-b60c-3594eb7ea60f,false,,,1,7c4671ff-76ee-4a70-b912-6aa7354774ee,false,,false,,,,2,7c4671ff-76ee-4a70-b912-6aa7354774ee
e671bd3b-4b6b-48f1-9c72-3ea32a9daee1,,5,6,2026-03-31T11:07:59.634125+00:00,7716349a-8bb0-46c6-b60c-3594eb7ea60f,false,,,1,7c4671ff-76ee-4a70-b912-6aa7354774ee,false,,false,,,,2,7c4671ff-76ee-4a70-b912-6aa7354774ee
4438eeb9-b3d8-42f1-8a07-1804d46dbbac,,6,5,2026-03-31T11:07:59.634125+00:00,7716349a-8bb0-46c6-b60c-3594eb7ea60f,false,,,1,7c4671ff-76ee-4a70-b912-6aa7354774ee,false,,false,,,,2,7c4671ff-76ee-4a70-b912-6aa7354774ee
e3c8c51d-5e3f-40b6-a253-33cb7a1f815e,,7,3,2026-03-31T11:07:59.634125+00:00,7716349a-8bb0-46c6-b60c-3594eb7ea60f,false,,,1,7c4671ff-76ee-4a70-b912-6aa7354774ee,false,,false,,,,2,7c4671ff-76ee-4a70-b912-6aa7354774ee
80e7747c-b2ee-48f7-8e86-1247081e68c0,,8,5,2026-03-31T11:07:59.634125+00:00,7716349a-8bb0-46c6-b60c-3594eb7ea60f,false,,,1,7c4671ff-76ee-4a70-b912-6aa7354774ee,false,,false,,,,2,7c4671ff-76ee-4a70-b912-6aa7354774ee
b2f23559-ab6f-41c9-90a4-b4354d613946,,1,4,2026-03-31T11:05:08.153512+00:00,7716349a-8bb0-46c6-b60c-3594eb7ea60f,false,,,1,47b6392b-6476-4a2b-897e-2347b126ab86,false,,false,,,,2,47b6392b-6476-4a2b-897e-2347b126ab86
aec28d8e-1178-4d42-9978-5f45895f1d15,,2,4,2026-03-31T11:05:08.153512+00:00,7716349a-8bb0-46c6-b60c-3594eb7ea60f,false,,,1,47b6392b-6476-4a2b-897e-2347b126ab86,false,,false,,,,2,47b6392b-6476-4a2b-897e-2347b126ab86
fef0904f-50b3-47ad-924a-9722772db900,,3,4,2026-03-31T11:05:08.153512+00:00,7716349a-8bb0-46c6-b60c-3594eb7ea60f,false,,,1,47b6392b-6476-4a2b-897e-2347b126ab86,false,,false,,,,2,47b6392b-6476-4a2b-897e-2347b126ab86
ab0685bf-7c69-49e4-8173-59181d8ad15d,,4,4,2026-03-31T11:05:08.153512+00:00,7716349a-8bb0-46c6-b60c-3594eb7ea60f,false,,,1,47b6392b-6476-4a2b-897e-2347b126ab86,false,,false,,,,2,47b6392b-6476-4a2b-897e-2347b126ab86
a0c94d1d-6662-400a-9dec-7e878388450a,,5,4,2026-03-31T11:05:08.153512+00:00,7716349a-8bb0-46c6-b60c-3594eb7ea60f,false,,,1,47b6392b-6476-4a2b-897e-2347b126ab86,false,,false,,,,2,47b6392b-6476-4a2b-897e-2347b126ab86
3af1575c-7f40-4273-b322-2f3bdcaf5fab,,6,4,2026-03-31T11:05:08.153512+00:00,7716349a-8bb0-46c6-b60c-3594eb7ea60f,false,,,1,47b6392b-6476-4a2b-897e-2347b126ab86,false,,false,,,,2,47b6392b-6476-4a2b-897e-2347b126ab86
aaa51c7d-572c-4491-ace0-caff7ba0c69a,,7,3,2026-03-31T11:05:08.153512+00:00,7716349a-8bb0-46c6-b60c-3594eb7ea60f,false,,,1,47b6392b-6476-4a2b-897e-2347b126ab86,false,,false,,,,2,47b6392b-6476-4a2b-897e-2347b126ab86
7c775ccd-6fb0-4828-a13f-33f3ad78f09e,,8,5,2026-03-31T11:05:08.153512+00:00,7716349a-8bb0-46c6-b60c-3594eb7ea60f,false,,,1,47b6392b-6476-4a2b-897e-2347b126ab86,false,,false,,,,2,47b6392b-6476-4a2b-897e-2347b126ab86
d8b0eac0-d66a-4477-b24a-6b26ce86b55d,,9,5,2026-03-31T11:05:08.153512+00:00,7716349a-8bb0-46c6-b60c-3594eb7ea60f,false,,,1,47b6392b-6476-4a2b-897e-2347b126ab86,false,,false,,,,2,47b6392b-6476-4a2b-897e-2347b126ab86
3d957aea-fd11-44fc-89da-d7c5e315265f,,2,4,2026-03-31T11:05:43.236+00:00,7716349a-8bb0-46c6-b60c-3594eb7ea60f,false,,,1,07cfbc31-606f-4838-ba17-578e0720215d,false,,false,,,,2,07cfbc31-606f-4838-ba17-578e0720215d
b70e9516-8996-4138-9f9e-850faa1abae9,,3,4,2026-03-31T11:05:43.236+00:00,7716349a-8bb0-46c6-b60c-3594eb7ea60f,false,,,1,07cfbc31-606f-4838-ba17-578e0720215d,false,,false,,,,2,07cfbc31-606f-4838-ba17-578e0720215d
acfc5921-0e2e-4b73-9b45-3db251b7629f,,4,5,2026-03-31T11:05:43.236+00:00,7716349a-8bb0-46c6-b60c-3594eb7ea60f,false,,,1,07cfbc31-606f-4838-ba17-578e0720215d,false,,false,,,,2,07cfbc31-606f-4838-ba17-578e0720215d
5774cdd4-835f-451e-bcaa-a16c7bf8d639,,5,3,2026-03-31T11:05:43.236+00:00,7716349a-8bb0-46c6-b60c-3594eb7ea60f,false,,,1,07cfbc31-606f-4838-ba17-578e0720215d,false,,false,,,,2,07cfbc31-606f-4838-ba17-578e0720215d
58b8db79-cb1d-4d92-b001-d1547e06f60d,,6,4,2026-03-31T11:05:43.236+00:00,7716349a-8bb0-46c6-b60c-3594eb7ea60f,false,,,1,07cfbc31-606f-4838-ba17-578e0720215d,false,,false,,,,2,07cfbc31-606f-4838-ba17-578e0720215d
83ad9fbe-8415-4027-ac08-db01189d9311,,7,3,2026-03-31T11:05:43.236+00:00,7716349a-8bb0-46c6-b60c-3594eb7ea60f,false,,,1,07cfbc31-606f-4838-ba17-578e0720215d,false,,false,,,,2,07cfbc31-606f-4838-ba17-578e0720215d
99dd8d8f-f1f7-445d-8af3-6e35864ee89d,,8,4,2026-03-31T11:05:43.236+00:00,7716349a-8bb0-46c6-b60c-3594eb7ea60f,false,,,1,07cfbc31-606f-4838-ba17-578e0720215d,false,,false,,,,2,07cfbc31-606f-4838-ba17-578e0720215d
e72bcda5-a022-4d44-a7d3-ad834bbc20a7,,9,5,2026-03-31T11:05:43.236+00:00,7716349a-8bb0-46c6-b60c-3594eb7ea60f,false,,,1,07cfbc31-606f-4838-ba17-578e0720215d,false,,false,,,,2,07cfbc31-606f-4838-ba17-578e0720215d
ceb0649e-bc31-4f2e-97be-4ad699999aed,,1,5,2026-03-31T11:06:26.16483+00:00,7716349a-8bb0-46c6-b60c-3594eb7ea60f,false,,,1,b0f8374f-c18d-481e-852b-dfa6aa011ac8,false,,false,,,,2,b0f8374f-c18d-481e-852b-dfa6aa011ac8
d4b62676-3c9b-419c-80f2-54452b91384c,,2,3,2026-03-31T11:06:26.16483+00:00,7716349a-8bb0-46c6-b60c-3594eb7ea60f,false,,,1,b0f8374f-c18d-481e-852b-dfa6aa011ac8,false,,false,,,,2,b0f8374f-c18d-481e-852b-dfa6aa011ac8
f01e3632-1ba5-4386-bf0a-672b628e0b3e,,3,4,2026-03-31T11:06:26.16483+00:00,7716349a-8bb0-46c6-b60c-3594eb7ea60f,false,,,1,b0f8374f-c18d-481e-852b-dfa6aa011ac8,false,,false,,,,2,b0f8374f-c18d-481e-852b-dfa6aa011ac8
900cd663-e449-487f-81c3-d24c9c8de67d,,4,3,2026-03-31T11:06:26.16483+00:00,7716349a-8bb0-46c6-b60c-3594eb7ea60f,false,,,1,b0f8374f-c18d-481e-852b-dfa6aa011ac8,false,,false,,,,2,b0f8374f-c18d-481e-852b-dfa6aa011ac8
c2bf43df-9948-48c0-a3a8-961add94cb97,,5,4,2026-03-31T11:06:26.16483+00:00,7716349a-8bb0-46c6-b60c-3594eb7ea60f,false,,,1,b0f8374f-c18d-481e-852b-dfa6aa011ac8,false,,false,,,,2,b0f8374f-c18d-481e-852b-dfa6aa011ac8
97539f14-2d82-4518-be51-8c7dd33d3d40,,6,4,2026-03-31T11:06:26.16483+00:00,7716349a-8bb0-46c6-b60c-3594eb7ea60f,false,,,1,b0f8374f-c18d-481e-852b-dfa6aa011ac8,false,,false,,,,2,b0f8374f-c18d-481e-852b-dfa6aa011ac8
4efea61e-a503-4a83-b45b-22a25aa4e563,,7,3,2026-03-31T11:06:26.16483+00:00,7716349a-8bb0-46c6-b60c-3594eb7ea60f,false,,,1,b0f8374f-c18d-481e-852b-dfa6aa011ac8,false,,false,,,,2,b0f8374f-c18d-481e-852b-dfa6aa011ac8
31529dd8-8486-4325-a6d6-e9a6ac772a3d,,8,4,2026-03-31T11:06:26.16483+00:00,7716349a-8bb0-46c6-b60c-3594eb7ea60f,false,,,1,b0f8374f-c18d-481e-852b-dfa6aa011ac8,false,,false,,,,2,b0f8374f-c18d-481e-852b-dfa6aa011ac8
370c3e38-b93a-4676-9167-ae45ba0eb054,,9,7,2026-03-31T11:06:26.16483+00:00,7716349a-8bb0-46c6-b60c-3594eb7ea60f,false,,,1,b0f8374f-c18d-481e-852b-dfa6aa011ac8,false,,false,,,,2,b0f8374f-c18d-481e-852b-dfa6aa011ac8
6a443681-7f87-47d0-8cce-0bbf3f6f3ed6,,9,4,2026-03-31T11:07:59.634125+00:00,7716349a-8bb0-46c6-b60c-3594eb7ea60f,false,,,1,7c4671ff-76ee-4a70-b912-6aa7354774ee,false,,false,,,,2,7c4671ff-76ee-4a70-b912-6aa7354774ee
4d871084-93a9-467e-af3c-e24d92b77a33,,1,6,2026-03-31T11:08:54.890044+00:00,7716349a-8bb0-46c6-b60c-3594eb7ea60f,false,,,1,c3364e8d-93bc-472c-a6ff-b4f68265a4d5,false,,false,,,,2,c3364e8d-93bc-472c-a6ff-b4f68265a4d5
bfbb43ca-e81c-4d7a-8c75-1b369e062c27,,2,5,2026-03-31T11:08:54.890044+00:00,7716349a-8bb0-46c6-b60c-3594eb7ea60f,false,,,1,c3364e8d-93bc-472c-a6ff-b4f68265a4d5,false,,false,,,,2,c3364e8d-93bc-472c-a6ff-b4f68265a4d5
1c73931e-9efe-4a1e-a217-feccf0431ebb,,3,4,2026-03-31T11:08:54.890044+00:00,7716349a-8bb0-46c6-b60c-3594eb7ea60f,false,,,1,c3364e8d-93bc-472c-a6ff-b4f68265a4d5,false,,false,,,,2,c3364e8d-93bc-472c-a6ff-b4f68265a4d5
660e4698-5df7-4c1e-83f4-e7bd63a15130,,4,4,2026-03-31T11:08:54.890044+00:00,7716349a-8bb0-46c6-b60c-3594eb7ea60f,false,,,1,c3364e8d-93bc-472c-a6ff-b4f68265a4d5,false,,false,,,,2,c3364e8d-93bc-472c-a6ff-b4f68265a4d5
94d12db5-c4f4-40f1-b5ee-444aa9790c60,,5,3,2026-03-31T11:08:54.890044+00:00,7716349a-8bb0-46c6-b60c-3594eb7ea60f,false,,,1,c3364e8d-93bc-472c-a6ff-b4f68265a4d5,false,,false,,,,2,c3364e8d-93bc-472c-a6ff-b4f68265a4d5
ee730194-af76-4d91-b5c2-e0bb4485c215,,6,4,2026-03-31T11:08:54.890044+00:00,7716349a-8bb0-46c6-b60c-3594eb7ea60f,false,,,1,c3364e8d-93bc-472c-a6ff-b4f68265a4d5,false,,false,,,,2,c3364e8d-93bc-472c-a6ff-b4f68265a4d5
bd1dc65a-32cb-4bb8-972d-6a243824042c,,7,3,2026-03-31T11:08:54.890044+00:00,7716349a-8bb0-46c6-b60c-3594eb7ea60f,false,,,1,c3364e8d-93bc-472c-a6ff-b4f68265a4d5,false,,false,,,,2,c3364e8d-93bc-472c-a6ff-b4f68265a4d5
7d80923f-8d45-436d-9be7-7b7bbe79e3d0,,8,5,2026-03-31T11:08:54.890044+00:00,7716349a-8bb0-46c6-b60c-3594eb7ea60f,false,,,1,c3364e8d-93bc-472c-a6ff-b4f68265a4d5,false,,false,,,,2,c3364e8d-93bc-472c-a6ff-b4f68265a4d5
d46c9eb6-525d-4486-be97-1117c69f645d,,9,5,2026-03-31T11:08:54.890044+00:00,7716349a-8bb0-46c6-b60c-3594eb7ea60f,false,,,1,c3364e8d-93bc-472c-a6ff-b4f68265a4d5,false,,false,,,,2,c3364e8d-93bc-472c-a6ff-b4f68265a4d5
62be6e43-631f-420c-9068-fad45876e98c,,1,5,2026-03-31T11:09:24.977163+00:00,7716349a-8bb0-46c6-b60c-3594eb7ea60f,false,,,1,5d110f0c-2f85-4f21-bfea-d8a96880f0f4,false,,false,,,,2,5d110f0c-2f85-4f21-bfea-d8a96880f0f4
aee2b9ce-7753-4324-83be-cf9c9fe90dbc,,2,7,2026-03-31T11:09:24.977163+00:00,7716349a-8bb0-46c6-b60c-3594eb7ea60f,false,,,1,5d110f0c-2f85-4f21-bfea-d8a96880f0f4,false,,false,,,,2,5d110f0c-2f85-4f21-bfea-d8a96880f0f4
5f78f80a-e315-467a-9fe8-ed1c67182da8,,3,5,2026-03-31T11:09:24.977163+00:00,7716349a-8bb0-46c6-b60c-3594eb7ea60f,false,,,1,5d110f0c-2f85-4f21-bfea-d8a96880f0f4,false,,false,,,,2,5d110f0c-2f85-4f21-bfea-d8a96880f0f4
5bc28667-5b3a-43e6-be7d-0501f6402549,,4,3,2026-03-31T11:09:24.977163+00:00,7716349a-8bb0-46c6-b60c-3594eb7ea60f,false,,,1,5d110f0c-2f85-4f21-bfea-d8a96880f0f4,false,,false,,,,2,5d110f0c-2f85-4f21-bfea-d8a96880f0f4
c5e664f9-0864-4a76-9e17-efa81dbff4c6,,5,4,2026-03-31T11:09:24.977163+00:00,7716349a-8bb0-46c6-b60c-3594eb7ea60f,false,,,1,5d110f0c-2f85-4f21-bfea-d8a96880f0f4,false,,false,,,,2,5d110f0c-2f85-4f21-bfea-d8a96880f0f4
f9d4c6ae-840b-4d3c-8e08-d3bf1c1e8542,,6,6,2026-03-31T11:09:24.977163+00:00,7716349a-8bb0-46c6-b60c-3594eb7ea60f,false,,,1,5d110f0c-2f85-4f21-bfea-d8a96880f0f4,false,,false,,,,2,5d110f0c-2f85-4f21-bfea-d8a96880f0f4
d19e5668-81a0-4482-b5b9-835e0c9c1eea,,7,5,2026-03-31T11:09:24.977163+00:00,7716349a-8bb0-46c6-b60c-3594eb7ea60f,false,,,1,5d110f0c-2f85-4f21-bfea-d8a96880f0f4,false,,false,,,,2,5d110f0c-2f85-4f21-bfea-d8a96880f0f4
cafb08a5-a1fd-4984-8466-50d3849a9619,,8,5,2026-03-31T11:09:24.977163+00:00,7716349a-8bb0-46c6-b60c-3594eb7ea60f,false,,,1,5d110f0c-2f85-4f21-bfea-d8a96880f0f4,false,,false,,,,2,5d110f0c-2f85-4f21-bfea-d8a96880f0f4
f08aeeda-a9c9-4e03-9526-15b48b62463f,,9,6,2026-03-31T11:09:24.977163+00:00,7716349a-8bb0-46c6-b60c-3594eb7ea60f,false,,,1,5d110f0c-2f85-4f21-bfea-d8a96880f0f4,false,,false,,,,2,5d110f0c-2f85-4f21-bfea-d8a96880f0f4
196d9609-669a-4750-be98-5fc3177d4aa2,7db2cb2f-f9ed-41d0-bbd8-502f7a9a2ff3,1,6,2026-09-27T16:43:22.694686+00:00,d4a92ae2-6ecd-4043-8b5a-82414c597036,false,,,1,7db2cb2f-f9ed-41d0-bbd8-502f7a9a2ff3,false,,false,,,,1,7db2cb2f-f9ed-41d0-bbd8-502f7a9a2ff3
ced6aa58-17e5-4bbb-92dc-77cd6b20dd04,7db2cb2f-f9ed-41d0-bbd8-502f7a9a2ff3,2,6,2026-09-27T16:43:22.694686+00:00,d4a92ae2-6ecd-4043-8b5a-82414c597036,false,,,1,7db2cb2f-f9ed-41d0-bbd8-502f7a9a2ff3,false,,false,,,,1,7db2cb2f-f9ed-41d0-bbd8-502f7a9a2ff3
238fcc47-cf9c-4a0d-921a-292ba702313a,7db2cb2f-f9ed-41d0-bbd8-502f7a9a2ff3,3,3,2026-09-27T16:43:22.694686+00:00,d4a92ae2-6ecd-4043-8b5a-82414c597036,false,,,1,7db2cb2f-f9ed-41d0-bbd8-502f7a9a2ff3,false,,false,,,,1,7db2cb2f-f9ed-41d0-bbd8-502f7a9a2ff3
f73d36cb-319d-465a-9745-a35624f96c7c,7db2cb2f-f9ed-41d0-bbd8-502f7a9a2ff3,4,7,2026-09-27T16:43:22.694686+00:00,d4a92ae2-6ecd-4043-8b5a-82414c597036,false,,,1,7db2cb2f-f9ed-41d0-bbd8-502f7a9a2ff3,false,,false,,,,1,7db2cb2f-f9ed-41d0-bbd8-502f7a9a2ff3
284b5d78-d02f-41eb-b787-7b942c8bbda3,abd869dc-4fb4-4281-ad1f-d5945e769254,2,5,2026-09-27T16:40:20.462349+00:00,d4a92ae2-6ecd-4043-8b5a-82414c597036,false,,,1,abd869dc-4fb4-4281-ad1f-d5945e769254,false,,false,,,,3,abd869dc-4fb4-4281-ad1f-d5945e769254
98399656-403d-4d10-b387-1b852574c16b,7db2cb2f-f9ed-41d0-bbd8-502f7a9a2ff3,5,5,2026-09-27T16:43:22.694686+00:00,d4a92ae2-6ecd-4043-8b5a-82414c597036,false,,,1,7db2cb2f-f9ed-41d0-bbd8-502f7a9a2ff3,false,,false,,,,1,7db2cb2f-f9ed-41d0-bbd8-502f7a9a2ff3
4dc6eeb2-7610-4220-a8de-58d08550295c,7db2cb2f-f9ed-41d0-bbd8-502f7a9a2ff3,6,5,2026-09-27T16:43:22.694686+00:00,d4a92ae2-6ecd-4043-8b5a-82414c597036,false,,,1,7db2cb2f-f9ed-41d0-bbd8-502f7a9a2ff3,false,,false,,,,1,7db2cb2f-f9ed-41d0-bbd8-502f7a9a2ff3
400cad11-ea41-4666-9170-850146d943bd,7db2cb2f-f9ed-41d0-bbd8-502f7a9a2ff3,7,7,2026-09-27T16:43:22.694686+00:00,d4a92ae2-6ecd-4043-8b5a-82414c597036,false,,,1,7db2cb2f-f9ed-41d0-bbd8-502f7a9a2ff3,false,,false,,,,1,7db2cb2f-f9ed-41d0-bbd8-502f7a9a2ff3
adaaefe0-b845-4e57-8522-b3601d2d5b43,7db2cb2f-f9ed-41d0-bbd8-502f7a9a2ff3,8,8,2026-09-27T16:43:22.694686+00:00,d4a92ae2-6ecd-4043-8b5a-82414c597036,false,,,1,7db2cb2f-f9ed-41d0-bbd8-502f7a9a2ff3,false,,false,,,,1,7db2cb2f-f9ed-41d0-bbd8-502f7a9a2ff3
84f95eff-bc49-4bc6-87f0-507c6c605f89,7db2cb2f-f9ed-41d0-bbd8-502f7a9a2ff3,9,7,2026-09-27T16:43:22.694686+00:00,d4a92ae2-6ecd-4043-8b5a-82414c597036,false,,,1,7db2cb2f-f9ed-41d0-bbd8-502f7a9a2ff3,false,,false,,,,1,7db2cb2f-f9ed-41d0-bbd8-502f7a9a2ff3
dcdab551-7fea-4913-b3bf-49c9da3f3440,2c5f4c05-03c1-4d64-960d-4e7b3c33c949,5,4,2026-09-27T16:42:05.187962+00:00,d4a92ae2-6ecd-4043-8b5a-82414c597036,false,,,1,2c5f4c05-03c1-4d64-960d-4e7b3c33c949,false,,false,,,,2,2c5f4c05-03c1-4d64-960d-4e7b3c33c949
2d88427c-143b-4551-a757-62f0aea09379,b8d0b9c8-feab-494a-b904-713a3ef84e28,11,7,2026-09-26T13:55:13.068582+00:00,d4a92ae2-6ecd-4043-8b5a-82414c597036,false,,,1,b8d0b9c8-feab-494a-b904-713a3ef84e28,false,,false,,,,2,b8d0b9c8-feab-494a-b904-713a3ef84e28
453d267a-d33b-4ebc-9240-0175aa5db5f8,c374f3e1-3ecb-45dd-a720-996aae83628e,15,6,2026-09-26T13:58:31.831284+00:00,d4a92ae2-6ecd-4043-8b5a-82414c597036,false,,,1,c374f3e1-3ecb-45dd-a720-996aae83628e,false,,false,,,,2,c374f3e1-3ecb-45dd-a720-996aae83628e
ca34d475-cb9e-41c0-b202-22fcf7f499b5,16bbde86-be42-4588-bf60-d2798fec823b,2,3,2026-09-27T16:42:05.187962+00:00,d4a92ae2-6ecd-4043-8b5a-82414c597036,false,,,1,16bbde86-be42-4588-bf60-d2798fec823b,false,,false,,,,2,16bbde86-be42-4588-bf60-d2798fec823b
ad3aff82-5415-4b4d-9027-5d8dcefd5c98,2c5f4c05-03c1-4d64-960d-4e7b3c33c949,1,6,2026-09-27T16:43:22.694686+00:00,d4a92ae2-6ecd-4043-8b5a-82414c597036,false,,,1,2c5f4c05-03c1-4d64-960d-4e7b3c33c949,false,,false,,,,1,2c5f4c05-03c1-4d64-960d-4e7b3c33c949
8e501e8e-054e-4822-a848-54e77d2c0e5b,2c5f4c05-03c1-4d64-960d-4e7b3c33c949,2,5,2026-09-27T16:43:22.694686+00:00,d4a92ae2-6ecd-4043-8b5a-82414c597036,false,,,1,2c5f4c05-03c1-4d64-960d-4e7b3c33c949,false,,false,,,,1,2c5f4c05-03c1-4d64-960d-4e7b3c33c949
7b8c383e-2136-4e15-a520-e0d00db7f8f8,2c5f4c05-03c1-4d64-960d-4e7b3c33c949,3,4,2026-09-27T16:43:22.694686+00:00,d4a92ae2-6ecd-4043-8b5a-82414c597036,false,,,1,2c5f4c05-03c1-4d64-960d-4e7b3c33c949,false,,false,,,,1,2c5f4c05-03c1-4d64-960d-4e7b3c33c949
497f45d9-2452-40f8-ad37-d3249408174d,2c5f4c05-03c1-4d64-960d-4e7b3c33c949,4,4,2026-09-27T16:43:22.694686+00:00,d4a92ae2-6ecd-4043-8b5a-82414c597036,false,,,1,2c5f4c05-03c1-4d64-960d-4e7b3c33c949,false,,false,,,,1,2c5f4c05-03c1-4d64-960d-4e7b3c33c949
0b179fa2-27e8-4838-9c38-f459857eaff4,2c5f4c05-03c1-4d64-960d-4e7b3c33c949,5,4,2026-09-27T16:43:22.694686+00:00,d4a92ae2-6ecd-4043-8b5a-82414c597036,false,,,1,2c5f4c05-03c1-4d64-960d-4e7b3c33c949,false,,false,,,,1,2c5f4c05-03c1-4d64-960d-4e7b3c33c949
df64f98a-e317-4ae3-a22f-ce2021086164,2c5f4c05-03c1-4d64-960d-4e7b3c33c949,6,5,2026-09-27T16:43:22.694686+00:00,d4a92ae2-6ecd-4043-8b5a-82414c597036,false,,,1,2c5f4c05-03c1-4d64-960d-4e7b3c33c949,false,,false,,,,1,2c5f4c05-03c1-4d64-960d-4e7b3c33c949
4d427548-5d94-48f1-9985-d3b9b7b6c1f7,2c5f4c05-03c1-4d64-960d-4e7b3c33c949,7,5,2026-09-27T16:43:22.694686+00:00,d4a92ae2-6ecd-4043-8b5a-82414c597036,false,,,1,2c5f4c05-03c1-4d64-960d-4e7b3c33c949,false,,false,,,,1,2c5f4c05-03c1-4d64-960d-4e7b3c33c949
ee887ac1-50c5-4d08-97bd-93edef8aae52,2c5f4c05-03c1-4d64-960d-4e7b3c33c949,8,6,2026-09-27T16:43:22.694686+00:00,d4a92ae2-6ecd-4043-8b5a-82414c597036,false,,,1,2c5f4c05-03c1-4d64-960d-4e7b3c33c949,false,,false,,,,1,2c5f4c05-03c1-4d64-960d-4e7b3c33c949
3883c9c1-e22c-4d29-8239-4dcc6bd8dfde,79fae2cb-e948-49a9-aa44-6bb1d4ea602b,15,6,2026-09-26T13:14:21.006611+00:00,d4a92ae2-6ecd-4043-8b5a-82414c597036,false,,,1,79fae2cb-e948-49a9-aa44-6bb1d4ea602b,false,,false,,,,2,79fae2cb-e948-49a9-aa44-6bb1d4ea602b
132bf09c-5468-481c-8e29-384cd74442ad,79fae2cb-e948-49a9-aa44-6bb1d4ea602b,16,4,2026-09-26T13:14:21.006611+00:00,d4a92ae2-6ecd-4043-8b5a-82414c597036,false,,,1,79fae2cb-e948-49a9-aa44-6bb1d4ea602b,false,,false,,,,2,79fae2cb-e948-49a9-aa44-6bb1d4ea602b
bfa50ee4-46ce-4e15-92e1-6406f1e4ab96,2c5f4c05-03c1-4d64-960d-4e7b3c33c949,9,4,2026-09-27T16:43:22.694686+00:00,d4a92ae2-6ecd-4043-8b5a-82414c597036,false,,,1,2c5f4c05-03c1-4d64-960d-4e7b3c33c949,false,,false,,,,1,2c5f4c05-03c1-4d64-960d-4e7b3c33c949
5b9d7d7b-6675-463d-b119-35807a14ce7d,b64c96a6-6bd0-461d-9f68-f49865e53db5,1,11,2026-09-27T16:43:22.694686+00:00,d4a92ae2-6ecd-4043-8b5a-82414c597036,false,,,1,b64c96a6-6bd0-461d-9f68-f49865e53db5,false,,false,,,,1,b64c96a6-6bd0-461d-9f68-f49865e53db5
d4cd681b-f964-4dc6-8efe-b794d526d67e,de28cd8e-9d77-4157-807a-369c938090ab,13,3,2026-09-26T13:25:11.563431+00:00,d4a92ae2-6ecd-4043-8b5a-82414c597036,false,,,1,de28cd8e-9d77-4157-807a-369c938090ab,false,,false,,,,2,de28cd8e-9d77-4157-807a-369c938090ab
fff14905-a758-474a-b2fd-a064309fc0bf,96b9b1f2-6aa1-4ce3-8602-db8885855df9,17,3,2026-09-26T13:39:58.217548+00:00,d4a92ae2-6ecd-4043-8b5a-82414c597036,false,,,1,96b9b1f2-6aa1-4ce3-8602-db8885855df9,false,,false,,,,2,96b9b1f2-6aa1-4ce3-8602-db8885855df9
3e20b798-f391-48f7-89c1-724901f6a7c9,c374f3e1-3ecb-45dd-a720-996aae83628e,11,7,2026-09-26T13:58:31.831284+00:00,d4a92ae2-6ecd-4043-8b5a-82414c597036,false,,,1,c374f3e1-3ecb-45dd-a720-996aae83628e,false,,false,,,,2,c374f3e1-3ecb-45dd-a720-996aae83628e
6c626a4a-d102-4ac0-9989-0b3f3fbdbca0,abd869dc-4fb4-4281-ad1f-d5945e769254,3,4,2026-09-27T16:40:20.462349+00:00,d4a92ae2-6ecd-4043-8b5a-82414c597036,false,,,1,abd869dc-4fb4-4281-ad1f-d5945e769254,false,,false,,,,3,abd869dc-4fb4-4281-ad1f-d5945e769254
8446ac1d-db45-4c01-9a78-288c727270db,b64c96a6-6bd0-461d-9f68-f49865e53db5,2,12,2026-09-27T16:43:22.694686+00:00,d4a92ae2-6ecd-4043-8b5a-82414c597036,false,,,1,b64c96a6-6bd0-461d-9f68-f49865e53db5,false,,false,,,,1,b64c96a6-6bd0-461d-9f68-f49865e53db5
bd4f61df-e1bc-4bf9-97e9-8193b5f0ebce,de28cd8e-9d77-4157-807a-369c938090ab,14,4,2026-09-26T13:25:11.563431+00:00,d4a92ae2-6ecd-4043-8b5a-82414c597036,false,,,1,de28cd8e-9d77-4157-807a-369c938090ab,false,,false,,,,2,de28cd8e-9d77-4157-807a-369c938090ab
aa95f1e5-eaa6-41b7-9dff-67f3bd5b315c,96b9b1f2-6aa1-4ce3-8602-db8885855df9,14,7,2026-09-26T13:39:58.217548+00:00,d4a92ae2-6ecd-4043-8b5a-82414c597036,false,,,1,96b9b1f2-6aa1-4ce3-8602-db8885855df9,false,,false,,,,2,96b9b1f2-6aa1-4ce3-8602-db8885855df9
3ce25517-847c-448d-8584-ecc99db22c9a,84a783cc-96d7-494c-9413-5c6075d22010,1,5,2026-09-27T08:18:17.739046+00:00,d4a92ae2-6ecd-4043-8b5a-82414c597036,false,,,1,84a783cc-96d7-494c-9413-5c6075d22010,false,,false,,,,1,84a783cc-96d7-494c-9413-5c6075d22010
a865e523-9030-49c3-a32f-3634f23a7af4,abd869dc-4fb4-4281-ad1f-d5945e769254,4,4,2026-09-27T16:40:20.462349+00:00,d4a92ae2-6ecd-4043-8b5a-82414c597036,false,,,1,abd869dc-4fb4-4281-ad1f-d5945e769254,false,,false,,,,3,abd869dc-4fb4-4281-ad1f-d5945e769254
c7b2872b-9800-475f-9bfa-568c3fe02146,abd869dc-4fb4-4281-ad1f-d5945e769254,5,4,2026-09-27T16:40:20.462349+00:00,d4a92ae2-6ecd-4043-8b5a-82414c597036,false,,,1,abd869dc-4fb4-4281-ad1f-d5945e769254,false,,false,,,,3,abd869dc-4fb4-4281-ad1f-d5945e769254
42912d7c-f991-4a85-a626-93d3e93e7451,abd869dc-4fb4-4281-ad1f-d5945e769254,8,6,2026-09-27T16:40:20.462349+00:00,d4a92ae2-6ecd-4043-8b5a-82414c597036,false,,,1,abd869dc-4fb4-4281-ad1f-d5945e769254,false,,false,,,,3,abd869dc-4fb4-4281-ad1f-d5945e769254
f8c9a110-cdb0-4371-9cdf-95b67dfc5d60,abd869dc-4fb4-4281-ad1f-d5945e769254,9,5,2026-09-27T16:40:20.462349+00:00,d4a92ae2-6ecd-4043-8b5a-82414c597036,false,,,1,abd869dc-4fb4-4281-ad1f-d5945e769254,false,,false,,,,3,abd869dc-4fb4-4281-ad1f-d5945e769254
439bdc15-96d8-4c32-9157-08955b450976,b8d0b9c8-feab-494a-b904-713a3ef84e28,3,5,2026-09-27T16:40:20.462349+00:00,d4a92ae2-6ecd-4043-8b5a-82414c597036,false,,,1,b8d0b9c8-feab-494a-b904-713a3ef84e28,false,,false,,,,3,b8d0b9c8-feab-494a-b904-713a3ef84e28
8b309996-00c9-4f58-8d73-5582759cfec9,b8d0b9c8-feab-494a-b904-713a3ef84e28,4,7,2026-09-27T16:40:20.462349+00:00,d4a92ae2-6ecd-4043-8b5a-82414c597036,false,,,1,b8d0b9c8-feab-494a-b904-713a3ef84e28,false,,false,,,,3,b8d0b9c8-feab-494a-b904-713a3ef84e28
b47e003d-fb6a-480e-a2c7-1eab24f93465,b8d0b9c8-feab-494a-b904-713a3ef84e28,5,3,2026-09-27T16:40:20.462349+00:00,d4a92ae2-6ecd-4043-8b5a-82414c597036,false,,,1,b8d0b9c8-feab-494a-b904-713a3ef84e28,false,,false,,,,3,b8d0b9c8-feab-494a-b904-713a3ef84e28
b6fa33e1-2491-4e0b-a124-f722dd00682a,b8d0b9c8-feab-494a-b904-713a3ef84e28,6,6,2026-09-27T16:40:20.462349+00:00,d4a92ae2-6ecd-4043-8b5a-82414c597036,false,,,1,b8d0b9c8-feab-494a-b904-713a3ef84e28,false,,false,,,,3,b8d0b9c8-feab-494a-b904-713a3ef84e28
e3599efe-9319-48ba-b22d-8f111c1f4ec8,b8d0b9c8-feab-494a-b904-713a3ef84e28,7,7,2026-09-27T16:40:20.462349+00:00,d4a92ae2-6ecd-4043-8b5a-82414c597036,false,,,1,b8d0b9c8-feab-494a-b904-713a3ef84e28,false,,false,,,,3,b8d0b9c8-feab-494a-b904-713a3ef84e28
446fcefb-5af8-4906-a2be-77ca1330a21c,b8d0b9c8-feab-494a-b904-713a3ef84e28,8,5,2026-09-27T16:40:20.462349+00:00,d4a92ae2-6ecd-4043-8b5a-82414c597036,false,,,1,b8d0b9c8-feab-494a-b904-713a3ef84e28,false,,false,,,,3,b8d0b9c8-feab-494a-b904-713a3ef84e28
644f1549-eb3a-4ee3-9f6d-15b55dd8964c,b8d0b9c8-feab-494a-b904-713a3ef84e28,9,6,2026-09-27T16:40:20.462349+00:00,d4a92ae2-6ecd-4043-8b5a-82414c597036,false,,,1,b8d0b9c8-feab-494a-b904-713a3ef84e28,false,,false,,,,3,b8d0b9c8-feab-494a-b904-713a3ef84e28
da1a2b37-99d6-4158-bef3-df67de74e243,b8d0b9c8-feab-494a-b904-713a3ef84e28,10,7,2026-09-27T16:40:20.462349+00:00,d4a92ae2-6ecd-4043-8b5a-82414c597036,false,,,1,b8d0b9c8-feab-494a-b904-713a3ef84e28,false,,false,,,,3,b8d0b9c8-feab-494a-b904-713a3ef84e28
00947855-0074-49c7-b72e-60915b2cc03c,b8d0b9c8-feab-494a-b904-713a3ef84e28,11,6,2026-09-27T16:40:20.462349+00:00,d4a92ae2-6ecd-4043-8b5a-82414c597036,false,,,1,b8d0b9c8-feab-494a-b904-713a3ef84e28,false,,false,,,,3,b8d0b9c8-feab-494a-b904-713a3ef84e28
3bbc3119-473b-4a5f-8b9b-e055427e17b3,b8d0b9c8-feab-494a-b904-713a3ef84e28,12,6,2026-09-27T16:40:20.462349+00:00,d4a92ae2-6ecd-4043-8b5a-82414c597036,false,,,1,b8d0b9c8-feab-494a-b904-713a3ef84e28,false,,false,,,,3,b8d0b9c8-feab-494a-b904-713a3ef84e28
af36cf4c-2cda-40cc-8708-f298aa484754,b8d0b9c8-feab-494a-b904-713a3ef84e28,13,4,2026-09-27T16:40:20.462349+00:00,d4a92ae2-6ecd-4043-8b5a-82414c597036,false,,,1,b8d0b9c8-feab-494a-b904-713a3ef84e28,false,,false,,,,3,b8d0b9c8-feab-494a-b904-713a3ef84e28
6fcc27c0-51b7-4190-ab45-e7ff5e9d7f2d,b64c96a6-6bd0-461d-9f68-f49865e53db5,3,3,2026-09-27T16:43:22.694686+00:00,d4a92ae2-6ecd-4043-8b5a-82414c597036,false,,,1,b64c96a6-6bd0-461d-9f68-f49865e53db5,false,,false,,,,1,b64c96a6-6bd0-461d-9f68-f49865e53db5
0c09ba82-1686-4d99-afae-21f19650e333,b64c96a6-6bd0-461d-9f68-f49865e53db5,4,5,2026-09-27T16:43:22.694686+00:00,d4a92ae2-6ecd-4043-8b5a-82414c597036,false,,,1,b64c96a6-6bd0-461d-9f68-f49865e53db5,false,,false,,,,1,b64c96a6-6bd0-461d-9f68-f49865e53db5
dea5bb7b-7cc4-4948-ab32-99da642edb04,abd869dc-4fb4-4281-ad1f-d5945e769254,6,9,2026-09-27T16:40:20.462349+00:00,d4a92ae2-6ecd-4043-8b5a-82414c597036,false,,,1,abd869dc-4fb4-4281-ad1f-d5945e769254,false,,false,,,,3,abd869dc-4fb4-4281-ad1f-d5945e769254
5845a006-0fda-4c45-b2f3-8370d5ee469b,abd869dc-4fb4-4281-ad1f-d5945e769254,1,6,2026-09-27T08:08:22.532314+00:00,d4a92ae2-6ecd-4043-8b5a-82414c597036,false,,,1,abd869dc-4fb4-4281-ad1f-d5945e769254,false,,false,,,,1,abd869dc-4fb4-4281-ad1f-d5945e769254
383e2336-d23d-4e0e-8447-61aaefb2d113,b8d0b9c8-feab-494a-b904-713a3ef84e28,14,5,2026-09-27T16:40:20.462349+00:00,d4a92ae2-6ecd-4043-8b5a-82414c597036,false,,,1,b8d0b9c8-feab-494a-b904-713a3ef84e28,false,,false,,,,3,b8d0b9c8-feab-494a-b904-713a3ef84e28
e7bda111-b38a-4735-a3b4-a6a7bc507279,b8d0b9c8-feab-494a-b904-713a3ef84e28,15,5,2026-09-27T16:40:20.462349+00:00,d4a92ae2-6ecd-4043-8b5a-82414c597036,false,,,1,b8d0b9c8-feab-494a-b904-713a3ef84e28,false,,false,,,,3,b8d0b9c8-feab-494a-b904-713a3ef84e28
36a72912-29c8-4c8b-94c4-83c5322c30e8,b8d0b9c8-feab-494a-b904-713a3ef84e28,16,6,2026-09-27T16:40:20.462349+00:00,d4a92ae2-6ecd-4043-8b5a-82414c597036,false,,,1,b8d0b9c8-feab-494a-b904-713a3ef84e28,false,,false,,,,3,b8d0b9c8-feab-494a-b904-713a3ef84e28
e29c78dd-ff19-4b35-ab38-b3d72ab32ee6,b8d0b9c8-feab-494a-b904-713a3ef84e28,17,5,2026-09-27T16:40:20.462349+00:00,d4a92ae2-6ecd-4043-8b5a-82414c597036,false,,,1,b8d0b9c8-feab-494a-b904-713a3ef84e28,false,,false,,,,3,b8d0b9c8-feab-494a-b904-713a3ef84e28
e82de6ec-2414-4329-ab40-335d3aa4f2df,b8d0b9c8-feab-494a-b904-713a3ef84e28,18,5,2026-09-27T16:40:20.462349+00:00,d4a92ae2-6ecd-4043-8b5a-82414c597036,false,,,1,b8d0b9c8-feab-494a-b904-713a3ef84e28,false,,false,,,,3,b8d0b9c8-feab-494a-b904-713a3ef84e28
af86b945-485f-45bc-b7f9-2e0beb91cfc1,abd869dc-4fb4-4281-ad1f-d5945e769254,10,6,2026-09-27T16:40:20.462349+00:00,d4a92ae2-6ecd-4043-8b5a-82414c597036,false,,,1,abd869dc-4fb4-4281-ad1f-d5945e769254,false,,false,,,,3,abd869dc-4fb4-4281-ad1f-d5945e769254
62f6038c-c1ae-47c1-89ec-4dfa7040c15e,abd869dc-4fb4-4281-ad1f-d5945e769254,11,6,2026-09-27T16:40:20.462349+00:00,d4a92ae2-6ecd-4043-8b5a-82414c597036,false,,,1,abd869dc-4fb4-4281-ad1f-d5945e769254,false,,false,,,,3,abd869dc-4fb4-4281-ad1f-d5945e769254
0a3768d0-a583-4eea-b808-1e954a39c31d,abd869dc-4fb4-4281-ad1f-d5945e769254,12,5,2026-09-27T16:40:20.462349+00:00,d4a92ae2-6ecd-4043-8b5a-82414c597036,false,,,1,abd869dc-4fb4-4281-ad1f-d5945e769254,false,,false,,,,3,abd869dc-4fb4-4281-ad1f-d5945e769254
0c47c159-226a-4f46-8fea-d030cb93175e,abd869dc-4fb4-4281-ad1f-d5945e769254,13,3,2026-09-27T16:40:20.462349+00:00,d4a92ae2-6ecd-4043-8b5a-82414c597036,false,,,1,abd869dc-4fb4-4281-ad1f-d5945e769254,false,,false,,,,3,abd869dc-4fb4-4281-ad1f-d5945e769254
9723c91f-c59d-4a59-ac5f-02d7180abd21,abd869dc-4fb4-4281-ad1f-d5945e769254,14,5,2026-09-27T16:40:20.462349+00:00,d4a92ae2-6ecd-4043-8b5a-82414c597036,false,,,1,abd869dc-4fb4-4281-ad1f-d5945e769254,false,,false,,,,3,abd869dc-4fb4-4281-ad1f-d5945e769254
92eb20b5-515c-4f3c-b6a1-acf4f9bf4ab3,50dd6e49-1e4a-41ab-82ca-6d15050216b3,2,5,2026-09-27T16:40:20.462349+00:00,d4a92ae2-6ecd-4043-8b5a-82414c597036,false,,,1,50dd6e49-1e4a-41ab-82ca-6d15050216b3,false,,false,,,,3,50dd6e49-1e4a-41ab-82ca-6d15050216b3
524b3bd4-de4f-405e-95cb-9d149fdbd73f,50dd6e49-1e4a-41ab-82ca-6d15050216b3,3,3,2026-09-27T16:40:20.462349+00:00,d4a92ae2-6ecd-4043-8b5a-82414c597036,false,,,1,50dd6e49-1e4a-41ab-82ca-6d15050216b3,false,,false,,,,3,50dd6e49-1e4a-41ab-82ca-6d15050216b3
5a019c4b-d75e-4684-abeb-459865d665d5,50dd6e49-1e4a-41ab-82ca-6d15050216b3,4,6,2026-09-27T16:40:20.462349+00:00,d4a92ae2-6ecd-4043-8b5a-82414c597036,false,,,1,50dd6e49-1e4a-41ab-82ca-6d15050216b3,false,,false,,,,3,50dd6e49-1e4a-41ab-82ca-6d15050216b3
969e3c53-a225-4630-a882-4dbdb8dbbf84,50dd6e49-1e4a-41ab-82ca-6d15050216b3,5,4,2026-09-27T16:40:20.462349+00:00,d4a92ae2-6ecd-4043-8b5a-82414c597036,false,,,1,50dd6e49-1e4a-41ab-82ca-6d15050216b3,false,,false,,,,3,50dd6e49-1e4a-41ab-82ca-6d15050216b3
91b9afcc-495e-42f1-b665-460c5b85dc4c,abd869dc-4fb4-4281-ad1f-d5945e769254,7,4,2026-09-27T16:40:20.462349+00:00,d4a92ae2-6ecd-4043-8b5a-82414c597036,false,,,1,abd869dc-4fb4-4281-ad1f-d5945e769254,false,,false,,,,3,abd869dc-4fb4-4281-ad1f-d5945e769254
05e806c2-5722-4c7b-b006-395cae5ef3df,b64c96a6-6bd0-461d-9f68-f49865e53db5,5,5,2026-09-27T16:43:22.694686+00:00,d4a92ae2-6ecd-4043-8b5a-82414c597036,false,,,1,b64c96a6-6bd0-461d-9f68-f49865e53db5,false,,false,,,,1,b64c96a6-6bd0-461d-9f68-f49865e53db5
740d0189-61a6-4a1a-93df-cfe56d258c42,14e39112-6ce6-4eaf-9b97-097f758789f4,1,5,2026-09-26T13:17:40.5645+00:00,d4a92ae2-6ecd-4043-8b5a-82414c597036,false,,,1,14e39112-6ce6-4eaf-9b97-097f758789f4,false,,false,,,,2,14e39112-6ce6-4eaf-9b97-097f758789f4
3c5ba010-927a-4874-8dd7-0416b9d1db12,eed4f2ad-d027-443d-9d78-a70e0a3b93a7,1,5,2026-09-26T13:18:19.110719+00:00,d4a92ae2-6ecd-4043-8b5a-82414c597036,false,,,1,eed4f2ad-d027-443d-9d78-a70e0a3b93a7,false,,false,,,,2,eed4f2ad-d027-443d-9d78-a70e0a3b93a7
c32772aa-de3a-4b29-9786-293f40ddfc59,eed4f2ad-d027-443d-9d78-a70e0a3b93a7,2,5,2026-09-26T13:18:19.110719+00:00,d4a92ae2-6ecd-4043-8b5a-82414c597036,false,,,1,eed4f2ad-d027-443d-9d78-a70e0a3b93a7,false,,false,,,,2,eed4f2ad-d027-443d-9d78-a70e0a3b93a7
3bfd3093-3db6-45fe-bb10-59be0c001ff9,abd869dc-4fb4-4281-ad1f-d5945e769254,1,8,2026-09-26T13:49:46.269867+00:00,d4a92ae2-6ecd-4043-8b5a-82414c597036,false,,,1,abd869dc-4fb4-4281-ad1f-d5945e769254,false,,false,,,,2,abd869dc-4fb4-4281-ad1f-d5945e769254
db97e254-10a6-4f49-afef-6a6800b7863b,b64c96a6-6bd0-461d-9f68-f49865e53db5,6,5,2026-09-27T16:43:22.694686+00:00,d4a92ae2-6ecd-4043-8b5a-82414c597036,false,,,1,b64c96a6-6bd0-461d-9f68-f49865e53db5,false,,false,,,,1,b64c96a6-6bd0-461d-9f68-f49865e53db5
c85b7020-255c-4a02-a872-b88fce01db1e,b64c96a6-6bd0-461d-9f68-f49865e53db5,7,5,2026-09-27T16:43:22.694686+00:00,d4a92ae2-6ecd-4043-8b5a-82414c597036,false,,,1,b64c96a6-6bd0-461d-9f68-f49865e53db5,false,,false,,,,1,b64c96a6-6bd0-461d-9f68-f49865e53db5
1fb3c9fd-c10a-46eb-a8f2-58a070f33a07,b8d0b9c8-feab-494a-b904-713a3ef84e28,1,7,2026-09-27T16:40:20.462349+00:00,d4a92ae2-6ecd-4043-8b5a-82414c597036,false,,,1,b8d0b9c8-feab-494a-b904-713a3ef84e28,false,,false,,,,3,b8d0b9c8-feab-494a-b904-713a3ef84e28
33e18a33-5b73-4057-ae0b-d7cd44f9224b,b64c96a6-6bd0-461d-9f68-f49865e53db5,8,4,2026-09-27T16:43:22.694686+00:00,d4a92ae2-6ecd-4043-8b5a-82414c597036,false,,,1,b64c96a6-6bd0-461d-9f68-f49865e53db5,false,,false,,,,1,b64c96a6-6bd0-461d-9f68-f49865e53db5
a24fc338-bb2e-493e-a142-a7ede8d86bb2,b64c96a6-6bd0-461d-9f68-f49865e53db5,9,6,2026-09-27T16:43:22.694686+00:00,d4a92ae2-6ecd-4043-8b5a-82414c597036,false,,,1,b64c96a6-6bd0-461d-9f68-f49865e53db5,false,,false,,,,1,b64c96a6-6bd0-461d-9f68-f49865e53db5
659af997-dec0-4609-9748-11d7800c2a73,f42128ff-96ff-4c07-8ad5-c344d9767135,1,9,2026-09-27T16:43:22.694686+00:00,d4a92ae2-6ecd-4043-8b5a-82414c597036,false,,,1,f42128ff-96ff-4c07-8ad5-c344d9767135,false,,false,,,,1,f42128ff-96ff-4c07-8ad5-c344d9767135
7453fdd4-c273-4274-a759-4527d5902220,f42128ff-96ff-4c07-8ad5-c344d9767135,2,6,2026-09-27T16:43:22.694686+00:00,d4a92ae2-6ecd-4043-8b5a-82414c597036,false,,,1,f42128ff-96ff-4c07-8ad5-c344d9767135,false,,false,,,,1,f42128ff-96ff-4c07-8ad5-c344d9767135
4d6b5db2-d1fc-41e0-9304-2750f6059b25,f42128ff-96ff-4c07-8ad5-c344d9767135,3,4,2026-09-27T16:43:22.694686+00:00,d4a92ae2-6ecd-4043-8b5a-82414c597036,false,,,1,f42128ff-96ff-4c07-8ad5-c344d9767135,false,,false,,,,1,f42128ff-96ff-4c07-8ad5-c344d9767135
14064acf-0611-46a8-be83-9725a2fad623,f42128ff-96ff-4c07-8ad5-c344d9767135,4,5,2026-09-27T16:43:22.694686+00:00,d4a92ae2-6ecd-4043-8b5a-82414c597036,false,,,1,f42128ff-96ff-4c07-8ad5-c344d9767135,false,,false,,,,1,f42128ff-96ff-4c07-8ad5-c344d9767135
182b9cad-8401-4528-850a-9e46ae4013f6,f42128ff-96ff-4c07-8ad5-c344d9767135,5,4,2026-09-27T16:43:22.694686+00:00,d4a92ae2-6ecd-4043-8b5a-82414c597036,false,,,1,f42128ff-96ff-4c07-8ad5-c344d9767135,false,,false,,,,1,f42128ff-96ff-4c07-8ad5-c344d9767135
5b30c218-a9e0-489b-86d9-6783f3689a46,f42128ff-96ff-4c07-8ad5-c344d9767135,6,7,2026-09-27T16:43:22.694686+00:00,d4a92ae2-6ecd-4043-8b5a-82414c597036,false,,,1,f42128ff-96ff-4c07-8ad5-c344d9767135,false,,false,,,,1,f42128ff-96ff-4c07-8ad5-c344d9767135
dbeb3c01-11d6-428c-bd3c-e30978dd7977,f42128ff-96ff-4c07-8ad5-c344d9767135,7,5,2026-09-27T16:43:22.694686+00:00,d4a92ae2-6ecd-4043-8b5a-82414c597036,false,,,1,f42128ff-96ff-4c07-8ad5-c344d9767135,false,,false,,,,1,f42128ff-96ff-4c07-8ad5-c344d9767135
76d395b1-e230-4afe-84eb-9996a0a9f05c,f42128ff-96ff-4c07-8ad5-c344d9767135,8,6,2026-09-27T16:43:22.694686+00:00,d4a92ae2-6ecd-4043-8b5a-82414c597036,false,,,1,f42128ff-96ff-4c07-8ad5-c344d9767135,false,,false,,,,1,f42128ff-96ff-4c07-8ad5-c344d9767135
e8eb6d09-ce96-4bd1-b6a1-42838b2fe5b6,f42128ff-96ff-4c07-8ad5-c344d9767135,9,5,2026-09-27T16:43:22.694686+00:00,d4a92ae2-6ecd-4043-8b5a-82414c597036,false,,,1,f42128ff-96ff-4c07-8ad5-c344d9767135,false,,false,,,,1,f42128ff-96ff-4c07-8ad5-c344d9767135
a683f1b8-a287-4c79-a81b-f2023941133b,50dd6e49-1e4a-41ab-82ca-6d15050216b3,1,12,2026-09-27T16:43:22.694686+00:00,d4a92ae2-6ecd-4043-8b5a-82414c597036,false,,,1,50dd6e49-1e4a-41ab-82ca-6d15050216b3,false,,false,,,,1,50dd6e49-1e4a-41ab-82ca-6d15050216b3
7ad328fb-1b0a-4adf-9424-9d3e8bf70406,50dd6e49-1e4a-41ab-82ca-6d15050216b3,2,6,2026-09-27T16:43:22.694686+00:00,d4a92ae2-6ecd-4043-8b5a-82414c597036,false,,,1,50dd6e49-1e4a-41ab-82ca-6d15050216b3,false,,false,,,,1,50dd6e49-1e4a-41ab-82ca-6d15050216b3
5111742d-6e94-4eb0-ad2a-e8566bdcd039,14e39112-6ce6-4eaf-9b97-097f758789f4,3,3,2026-09-26T13:17:40.5645+00:00,d4a92ae2-6ecd-4043-8b5a-82414c597036,false,,,1,14e39112-6ce6-4eaf-9b97-097f758789f4,false,,false,,,,2,14e39112-6ce6-4eaf-9b97-097f758789f4
f5fc7665-47af-4c6c-86f5-eb3f150719c2,14e39112-6ce6-4eaf-9b97-097f758789f4,4,4,2026-09-26T13:17:40.5645+00:00,d4a92ae2-6ecd-4043-8b5a-82414c597036,false,,,1,14e39112-6ce6-4eaf-9b97-097f758789f4,false,,false,,,,2,14e39112-6ce6-4eaf-9b97-097f758789f4
a63ecd0f-0b71-4274-88a9-e96158123456,eed4f2ad-d027-443d-9d78-a70e0a3b93a7,3,3,2026-09-26T13:18:19.110719+00:00,d4a92ae2-6ecd-4043-8b5a-82414c597036,false,,,1,eed4f2ad-d027-443d-9d78-a70e0a3b93a7,false,,false,,,,2,eed4f2ad-d027-443d-9d78-a70e0a3b93a7
966be0cf-4c79-49d0-9234-be92904b57b7,eed4f2ad-d027-443d-9d78-a70e0a3b93a7,5,4,2026-09-26T13:18:19.110719+00:00,d4a92ae2-6ecd-4043-8b5a-82414c597036,false,,,1,eed4f2ad-d027-443d-9d78-a70e0a3b93a7,false,,false,,,,2,eed4f2ad-d027-443d-9d78-a70e0a3b93a7
b53668bf-27d5-417e-8d85-d718ef87ac9e,eed4f2ad-d027-443d-9d78-a70e0a3b93a7,9,6,2026-09-26T13:18:19.110719+00:00,d4a92ae2-6ecd-4043-8b5a-82414c597036,false,,,1,eed4f2ad-d027-443d-9d78-a70e0a3b93a7,false,,false,,,,2,eed4f2ad-d027-443d-9d78-a70e0a3b93a7
9243f1db-0b29-45de-9d47-95d9df516e55,eed4f2ad-d027-443d-9d78-a70e0a3b93a7,18,6,2026-09-26T13:18:19.110719+00:00,d4a92ae2-6ecd-4043-8b5a-82414c597036,false,,,1,eed4f2ad-d027-443d-9d78-a70e0a3b93a7,false,,false,,,,2,eed4f2ad-d027-443d-9d78-a70e0a3b93a7
4d7b78f7-fe80-4531-ae3f-2192528566ed,50dd6e49-1e4a-41ab-82ca-6d15050216b3,3,5,2026-09-27T16:43:22.694686+00:00,d4a92ae2-6ecd-4043-8b5a-82414c597036,false,,,1,50dd6e49-1e4a-41ab-82ca-6d15050216b3,false,,false,,,,1,50dd6e49-1e4a-41ab-82ca-6d15050216b3
82ed8fc1-be4d-4eaa-ab6b-8fd3697e34fc,50dd6e49-1e4a-41ab-82ca-6d15050216b3,4,5,2026-09-27T16:43:22.694686+00:00,d4a92ae2-6ecd-4043-8b5a-82414c597036,false,,,1,50dd6e49-1e4a-41ab-82ca-6d15050216b3,false,,false,,,,1,50dd6e49-1e4a-41ab-82ca-6d15050216b3
fd2ae790-0acb-4cda-ade7-bf70a4b56cd8,50dd6e49-1e4a-41ab-82ca-6d15050216b3,5,6,2026-09-27T16:43:22.694686+00:00,d4a92ae2-6ecd-4043-8b5a-82414c597036,false,,,1,50dd6e49-1e4a-41ab-82ca-6d15050216b3,false,,false,,,,1,50dd6e49-1e4a-41ab-82ca-6d15050216b3
3bad68f7-915f-4be4-9314-e07bca96b789,50dd6e49-1e4a-41ab-82ca-6d15050216b3,6,8,2026-09-27T16:43:22.694686+00:00,d4a92ae2-6ecd-4043-8b5a-82414c597036,false,,,1,50dd6e49-1e4a-41ab-82ca-6d15050216b3,false,,false,,,,1,50dd6e49-1e4a-41ab-82ca-6d15050216b3
90b6ebbb-ed6f-4bcf-8ab0-afc760e0f810,50dd6e49-1e4a-41ab-82ca-6d15050216b3,7,7,2026-09-27T16:43:22.694686+00:00,d4a92ae2-6ecd-4043-8b5a-82414c597036,false,,,1,50dd6e49-1e4a-41ab-82ca-6d15050216b3,false,,false,,,,1,50dd6e49-1e4a-41ab-82ca-6d15050216b3
1c968054-be70-4feb-967e-e93a1b060d40,50dd6e49-1e4a-41ab-82ca-6d15050216b3,8,6,2026-09-27T16:43:22.694686+00:00,d4a92ae2-6ecd-4043-8b5a-82414c597036,false,,,1,50dd6e49-1e4a-41ab-82ca-6d15050216b3,false,,false,,,,1,50dd6e49-1e4a-41ab-82ca-6d15050216b3
0e756404-d42d-4b1c-ac61-e2a54e554599,50dd6e49-1e4a-41ab-82ca-6d15050216b3,9,6,2026-09-27T16:43:22.694686+00:00,d4a92ae2-6ecd-4043-8b5a-82414c597036,false,,,1,50dd6e49-1e4a-41ab-82ca-6d15050216b3,false,,false,,,,1,50dd6e49-1e4a-41ab-82ca-6d15050216b3
8efc1972-5ca0-41f7-8624-a75a6727f796,60d9add6-17ee-430f-a974-1bc5cfa95c84,1,7,2026-09-27T16:43:22.694686+00:00,d4a92ae2-6ecd-4043-8b5a-82414c597036,false,,,1,60d9add6-17ee-430f-a974-1bc5cfa95c84,false,,false,,,,1,60d9add6-17ee-430f-a974-1bc5cfa95c84
58c2bff1-8ae7-4b81-8d00-1b70646e4884,60d9add6-17ee-430f-a974-1bc5cfa95c84,2,5,2026-09-27T16:43:22.694686+00:00,d4a92ae2-6ecd-4043-8b5a-82414c597036,false,,,1,60d9add6-17ee-430f-a974-1bc5cfa95c84,false,,false,,,,1,60d9add6-17ee-430f-a974-1bc5cfa95c84
444ebfe8-72f9-4eeb-aa72-a07791621513,60d9add6-17ee-430f-a974-1bc5cfa95c84,3,6,2026-09-27T16:43:22.694686+00:00,d4a92ae2-6ecd-4043-8b5a-82414c597036,false,,,1,60d9add6-17ee-430f-a974-1bc5cfa95c84,false,,false,,,,1,60d9add6-17ee-430f-a974-1bc5cfa95c84
889cd099-4df8-4983-a035-89834bf21afa,60d9add6-17ee-430f-a974-1bc5cfa95c84,4,5,2026-09-27T16:43:22.694686+00:00,d4a92ae2-6ecd-4043-8b5a-82414c597036,false,,,1,60d9add6-17ee-430f-a974-1bc5cfa95c84,false,,false,,,,1,60d9add6-17ee-430f-a974-1bc5cfa95c84
6bb754dc-d7eb-42eb-b19b-32625988acd7,60d9add6-17ee-430f-a974-1bc5cfa95c84,5,3,2026-09-27T16:43:22.694686+00:00,d4a92ae2-6ecd-4043-8b5a-82414c597036,false,,,1,60d9add6-17ee-430f-a974-1bc5cfa95c84,false,,false,,,,1,60d9add6-17ee-430f-a974-1bc5cfa95c84
0d56b263-2cd9-42c1-b647-fb675b22e4fd,60d9add6-17ee-430f-a974-1bc5cfa95c84,6,7,2026-09-27T16:43:22.694686+00:00,d4a92ae2-6ecd-4043-8b5a-82414c597036,false,,,1,60d9add6-17ee-430f-a974-1bc5cfa95c84,false,,false,,,,1,60d9add6-17ee-430f-a974-1bc5cfa95c84
231a36bc-278a-427b-bb56-f5d80323cadf,60d9add6-17ee-430f-a974-1bc5cfa95c84,7,3,2026-09-27T16:43:22.694686+00:00,d4a92ae2-6ecd-4043-8b5a-82414c597036,false,,,1,60d9add6-17ee-430f-a974-1bc5cfa95c84,false,,false,,,,1,60d9add6-17ee-430f-a974-1bc5cfa95c84
58adda22-a9bf-445c-b153-d9448d4900e9,60d9add6-17ee-430f-a974-1bc5cfa95c84,8,6,2026-09-27T16:43:22.694686+00:00,d4a92ae2-6ecd-4043-8b5a-82414c597036,false,,,1,60d9add6-17ee-430f-a974-1bc5cfa95c84,false,,false,,,,1,60d9add6-17ee-430f-a974-1bc5cfa95c84
975f69e3-5c4a-4398-9967-5ec40c9ed598,60d9add6-17ee-430f-a974-1bc5cfa95c84,9,5,2026-09-27T16:43:22.694686+00:00,d4a92ae2-6ecd-4043-8b5a-82414c597036,false,,,1,60d9add6-17ee-430f-a974-1bc5cfa95c84,false,,false,,,,1,60d9add6-17ee-430f-a974-1bc5cfa95c84
feed7dfc-84fd-4aae-9e8c-c121a6ba6b57,36381ba5-02d8-474e-a058-58b719674b9a,1,8,2026-09-27T16:43:22.694686+00:00,d4a92ae2-6ecd-4043-8b5a-82414c597036,false,,,1,36381ba5-02d8-474e-a058-58b719674b9a,false,,false,,,,1,36381ba5-02d8-474e-a058-58b719674b9a
40eac186-0723-49ec-982f-d12a5a745874,36381ba5-02d8-474e-a058-58b719674b9a,2,4,2026-09-27T16:43:22.694686+00:00,d4a92ae2-6ecd-4043-8b5a-82414c597036,false,,,1,36381ba5-02d8-474e-a058-58b719674b9a,false,,false,,,,1,36381ba5-02d8-474e-a058-58b719674b9a
5cd42ade-d14f-44bb-87e9-80f0c8bc222f,36381ba5-02d8-474e-a058-58b719674b9a,3,3,2026-09-27T16:43:22.694686+00:00,d4a92ae2-6ecd-4043-8b5a-82414c597036,false,,,1,36381ba5-02d8-474e-a058-58b719674b9a,false,,false,,,,1,36381ba5-02d8-474e-a058-58b719674b9a
91e48b7a-4a67-4e69-a431-05031e2d1fd6,36381ba5-02d8-474e-a058-58b719674b9a,4,4,2026-09-27T16:43:22.694686+00:00,d4a92ae2-6ecd-4043-8b5a-82414c597036,false,,,1,36381ba5-02d8-474e-a058-58b719674b9a,false,,false,,,,1,36381ba5-02d8-474e-a058-58b719674b9a
18290712-bf17-4157-af56-73d036aa51a0,36381ba5-02d8-474e-a058-58b719674b9a,5,4,2026-09-27T16:43:22.694686+00:00,d4a92ae2-6ecd-4043-8b5a-82414c597036,false,,,1,36381ba5-02d8-474e-a058-58b719674b9a,false,,false,,,,1,36381ba5-02d8-474e-a058-58b719674b9a
39e3a235-99c2-44c9-a245-3e20a805c1ec,36381ba5-02d8-474e-a058-58b719674b9a,6,7,2026-09-27T16:43:22.694686+00:00,d4a92ae2-6ecd-4043-8b5a-82414c597036,false,,,1,36381ba5-02d8-474e-a058-58b719674b9a,false,,false,,,,1,36381ba5-02d8-474e-a058-58b719674b9a
67750430-da3e-4942-bf27-07f338b49195,36381ba5-02d8-474e-a058-58b719674b9a,7,7,2026-09-27T16:43:22.694686+00:00,d4a92ae2-6ecd-4043-8b5a-82414c597036,false,,,1,36381ba5-02d8-474e-a058-58b719674b9a,false,,false,,,,1,36381ba5-02d8-474e-a058-58b719674b9a
b3c1f76f-c32e-41c9-b182-594c1fd2db0b,36381ba5-02d8-474e-a058-58b719674b9a,8,6,2026-09-27T16:43:22.694686+00:00,d4a92ae2-6ecd-4043-8b5a-82414c597036,false,,,1,36381ba5-02d8-474e-a058-58b719674b9a,false,,false,,,,1,36381ba5-02d8-474e-a058-58b719674b9a
1f33b9df-b4e7-4469-a69b-2626603eec64,36381ba5-02d8-474e-a058-58b719674b9a,9,6,2026-09-27T16:43:22.694686+00:00,d4a92ae2-6ecd-4043-8b5a-82414c597036,false,,,1,36381ba5-02d8-474e-a058-58b719674b9a,false,,false,,,,1,36381ba5-02d8-474e-a058-58b719674b9a
46844e2d-7515-4aa1-b1c0-89a45720101d,14e39112-6ce6-4eaf-9b97-097f758789f4,1,5,2026-09-27T16:43:22.694686+00:00,d4a92ae2-6ecd-4043-8b5a-82414c597036,false,,,1,14e39112-6ce6-4eaf-9b97-097f758789f4,false,,false,,,,1,14e39112-6ce6-4eaf-9b97-097f758789f4
36fa5ad0-dd54-4b6f-9f70-ba69be78aa69,14e39112-6ce6-4eaf-9b97-097f758789f4,2,7,2026-09-27T16:43:22.694686+00:00,d4a92ae2-6ecd-4043-8b5a-82414c597036,false,,,1,14e39112-6ce6-4eaf-9b97-097f758789f4,false,,false,,,,1,14e39112-6ce6-4eaf-9b97-097f758789f4
9b6b3ffd-feb6-4e52-b0fe-ee587e5af0ff,14e39112-6ce6-4eaf-9b97-097f758789f4,3,4,2026-09-27T16:43:22.694686+00:00,d4a92ae2-6ecd-4043-8b5a-82414c597036,false,,,1,14e39112-6ce6-4eaf-9b97-097f758789f4,false,,false,,,,1,14e39112-6ce6-4eaf-9b97-097f758789f4
f41f29ef-36e5-40d6-b10a-d248a395fa31,14e39112-6ce6-4eaf-9b97-097f758789f4,4,4,2026-09-27T16:43:22.694686+00:00,d4a92ae2-6ecd-4043-8b5a-82414c597036,false,,,1,14e39112-6ce6-4eaf-9b97-097f758789f4,false,,false,,,,1,14e39112-6ce6-4eaf-9b97-097f758789f4
0850a945-fd1d-475b-b831-e80b56ca0170,96b9b1f2-6aa1-4ce3-8602-db8885855df9,12,5,2026-09-26T13:39:58.217548+00:00,d4a92ae2-6ecd-4043-8b5a-82414c597036,false,,,1,96b9b1f2-6aa1-4ce3-8602-db8885855df9,false,,false,,,,2,96b9b1f2-6aa1-4ce3-8602-db8885855df9
b71d9532-16cb-4c1c-90cf-eccd2bbd6b38,96b9b1f2-6aa1-4ce3-8602-db8885855df9,13,4,2026-09-26T13:39:58.217548+00:00,d4a92ae2-6ecd-4043-8b5a-82414c597036,false,,,1,96b9b1f2-6aa1-4ce3-8602-db8885855df9,false,,false,,,,2,96b9b1f2-6aa1-4ce3-8602-db8885855df9
961fa7a2-6911-4007-a412-df2680c14ce2,96b9b1f2-6aa1-4ce3-8602-db8885855df9,1,7,2026-09-27T07:58:54.494075+00:00,d4a92ae2-6ecd-4043-8b5a-82414c597036,false,,,1,96b9b1f2-6aa1-4ce3-8602-db8885855df9,false,,false,,,,2,96b9b1f2-6aa1-4ce3-8602-db8885855df9
e88faa39-34ac-4f47-920b-0b82869af61a,96b9b1f2-6aa1-4ce3-8602-db8885855df9,2,5,2026-09-27T08:11:17.02289+00:00,d4a92ae2-6ecd-4043-8b5a-82414c597036,false,,,1,96b9b1f2-6aa1-4ce3-8602-db8885855df9,false,,false,,,,2,96b9b1f2-6aa1-4ce3-8602-db8885855df9
3a23e1a5-dc91-41f4-995d-ebdc9dd28e8e,14e39112-6ce6-4eaf-9b97-097f758789f4,5,3,2026-09-27T16:43:22.694686+00:00,d4a92ae2-6ecd-4043-8b5a-82414c597036,false,,,1,14e39112-6ce6-4eaf-9b97-097f758789f4,false,,false,,,,1,14e39112-6ce6-4eaf-9b97-097f758789f4
5718464c-4446-4c3c-947f-c54b938ba77d,14e39112-6ce6-4eaf-9b97-097f758789f4,6,5,2026-09-27T16:43:22.694686+00:00,d4a92ae2-6ecd-4043-8b5a-82414c597036,false,,,1,14e39112-6ce6-4eaf-9b97-097f758789f4,false,,false,,,,1,14e39112-6ce6-4eaf-9b97-097f758789f4
d59ae8de-2ec0-456e-9bdb-c5ce559c10f2,14e39112-6ce6-4eaf-9b97-097f758789f4,7,3,2026-09-27T16:43:22.694686+00:00,d4a92ae2-6ecd-4043-8b5a-82414c597036,false,,,1,14e39112-6ce6-4eaf-9b97-097f758789f4,false,,false,,,,1,14e39112-6ce6-4eaf-9b97-097f758789f4
7274d5d8-0d2b-4924-88ce-251371a81045,14e39112-6ce6-4eaf-9b97-097f758789f4,8,3,2026-09-27T16:43:22.694686+00:00,d4a92ae2-6ecd-4043-8b5a-82414c597036,false,,,1,14e39112-6ce6-4eaf-9b97-097f758789f4,false,,false,,,,1,14e39112-6ce6-4eaf-9b97-097f758789f4
8d7acaa3-2b15-4d38-b0fa-9940e8515022,14e39112-6ce6-4eaf-9b97-097f758789f4,9,4,2026-09-27T16:43:22.694686+00:00,d4a92ae2-6ecd-4043-8b5a-82414c597036,false,,,1,14e39112-6ce6-4eaf-9b97-097f758789f4,false,,false,,,,1,14e39112-6ce6-4eaf-9b97-097f758789f4
f07b53f5-5949-49a7-9616-96165738dded,96b9b1f2-6aa1-4ce3-8602-db8885855df9,8,7,2026-09-27T13:09:19.376166+00:00,d4a92ae2-6ecd-4043-8b5a-82414c597036,false,,,1,96b9b1f2-6aa1-4ce3-8602-db8885855df9,false,,false,,,,2,96b9b1f2-6aa1-4ce3-8602-db8885855df9
3d12274e-772c-4c2e-9987-2067c1f3bad3,b8d0b9c8-feab-494a-b904-713a3ef84e28,2,5,2026-09-27T16:40:20.462349+00:00,d4a92ae2-6ecd-4043-8b5a-82414c597036,false,,,1,b8d0b9c8-feab-494a-b904-713a3ef84e28,false,,false,,,,3,b8d0b9c8-feab-494a-b904-713a3ef84e28
ab04d3fc-6740-4589-8c7a-8bf3574c1b52,39ace5a0-881a-4178-aa2b-2fd274ebc40a,1,5,2026-09-27T16:42:05.187962+00:00,d4a92ae2-6ecd-4043-8b5a-82414c597036,false,,,1,39ace5a0-881a-4178-aa2b-2fd274ebc40a,false,,false,,,,2,39ace5a0-881a-4178-aa2b-2fd274ebc40a
140bbd3c-3c2b-40ae-90a3-f5d3e2fd0c6a,39ace5a0-881a-4178-aa2b-2fd274ebc40a,2,4,2026-09-27T16:42:05.187962+00:00,d4a92ae2-6ecd-4043-8b5a-82414c597036,false,,,1,39ace5a0-881a-4178-aa2b-2fd274ebc40a,false,,false,,,,2,39ace5a0-881a-4178-aa2b-2fd274ebc40a
3e2f2eba-0609-4994-bd9b-4167770e728a,39ace5a0-881a-4178-aa2b-2fd274ebc40a,3,3,2026-09-27T16:42:05.187962+00:00,d4a92ae2-6ecd-4043-8b5a-82414c597036,false,,,1,39ace5a0-881a-4178-aa2b-2fd274ebc40a,false,,false,,,,2,39ace5a0-881a-4178-aa2b-2fd274ebc40a
76657be1-3531-4e08-9bcc-888ea68106d5,39ace5a0-881a-4178-aa2b-2fd274ebc40a,4,4,2026-09-27T16:42:05.187962+00:00,d4a92ae2-6ecd-4043-8b5a-82414c597036,false,,,1,39ace5a0-881a-4178-aa2b-2fd274ebc40a,false,,false,,,,2,39ace5a0-881a-4178-aa2b-2fd274ebc40a
36360e9a-c37b-4454-98e8-24d314361722,39ace5a0-881a-4178-aa2b-2fd274ebc40a,5,4,2026-09-27T16:42:05.187962+00:00,d4a92ae2-6ecd-4043-8b5a-82414c597036,false,,,1,39ace5a0-881a-4178-aa2b-2fd274ebc40a,false,,false,,,,2,39ace5a0-881a-4178-aa2b-2fd274ebc40a
68fbeb64-d745-4ed3-b4be-b0122545c124,7db2cb2f-f9ed-41d0-bbd8-502f7a9a2ff3,1,8,2026-09-26T12:17:11.706902+00:00,d4a92ae2-6ecd-4043-8b5a-82414c597036,false,,,1,7db2cb2f-f9ed-41d0-bbd8-502f7a9a2ff3,false,,false,,,,2,7db2cb2f-f9ed-41d0-bbd8-502f7a9a2ff3
527d00fb-e996-47ea-ae02-e105594a2e67,b64c96a6-6bd0-461d-9f68-f49865e53db5,2,5,2026-09-26T12:17:29.277605+00:00,d4a92ae2-6ecd-4043-8b5a-82414c597036,false,,,1,b64c96a6-6bd0-461d-9f68-f49865e53db5,false,,false,,,,2,b64c96a6-6bd0-461d-9f68-f49865e53db5
818116d3-183f-4102-9ccd-a0b523a9f562,b64c96a6-6bd0-461d-9f68-f49865e53db5,3,4,2026-09-26T12:17:29.277605+00:00,d4a92ae2-6ecd-4043-8b5a-82414c597036,false,,,1,b64c96a6-6bd0-461d-9f68-f49865e53db5,false,,false,,,,2,b64c96a6-6bd0-461d-9f68-f49865e53db5
b6a5784b-f401-4287-9db6-97bd5852f36b,b64c96a6-6bd0-461d-9f68-f49865e53db5,4,3,2026-09-26T12:17:29.277605+00:00,d4a92ae2-6ecd-4043-8b5a-82414c597036,false,,,1,b64c96a6-6bd0-461d-9f68-f49865e53db5,false,,false,,,,2,b64c96a6-6bd0-461d-9f68-f49865e53db5
605e4c59-e6fd-4ac5-b93a-8f73ef8e27d0,b64c96a6-6bd0-461d-9f68-f49865e53db5,5,4,2026-09-26T12:17:29.277605+00:00,d4a92ae2-6ecd-4043-8b5a-82414c597036,false,,,1,b64c96a6-6bd0-461d-9f68-f49865e53db5,false,,false,,,,2,b64c96a6-6bd0-461d-9f68-f49865e53db5
ef10e884-34df-442d-98f1-1ffb2e74c2a6,50dd6e49-1e4a-41ab-82ca-6d15050216b3,2,6,2026-09-26T12:17:50.908689+00:00,d4a92ae2-6ecd-4043-8b5a-82414c597036,false,,,1,50dd6e49-1e4a-41ab-82ca-6d15050216b3,false,,false,,,,2,50dd6e49-1e4a-41ab-82ca-6d15050216b3
81a05a1c-6a50-4de0-9350-13fdb5b96900,50dd6e49-1e4a-41ab-82ca-6d15050216b3,3,5,2026-09-26T12:17:50.908689+00:00,d4a92ae2-6ecd-4043-8b5a-82414c597036,false,,,1,50dd6e49-1e4a-41ab-82ca-6d15050216b3,false,,false,,,,2,50dd6e49-1e4a-41ab-82ca-6d15050216b3
75e70c27-bddb-4fe9-a36f-9c3c7ebed5e1,f42128ff-96ff-4c07-8ad5-c344d9767135,3,7,2026-09-26T11:52:46.954606+00:00,d4a92ae2-6ecd-4043-8b5a-82414c597036,false,,,1,f42128ff-96ff-4c07-8ad5-c344d9767135,false,,false,,,,2,f42128ff-96ff-4c07-8ad5-c344d9767135
1cbe1920-c4e1-4158-843f-800cc300ebac,f42128ff-96ff-4c07-8ad5-c344d9767135,4,5,2026-09-26T11:52:46.954606+00:00,d4a92ae2-6ecd-4043-8b5a-82414c597036,false,,,1,f42128ff-96ff-4c07-8ad5-c344d9767135,false,,false,,,,2,f42128ff-96ff-4c07-8ad5-c344d9767135
72ff3912-9180-4dba-b3df-8c42b8fd9c2b,f42128ff-96ff-4c07-8ad5-c344d9767135,5,4,2026-09-26T11:52:46.954606+00:00,d4a92ae2-6ecd-4043-8b5a-82414c597036,false,,,1,f42128ff-96ff-4c07-8ad5-c344d9767135,false,,false,,,,2,f42128ff-96ff-4c07-8ad5-c344d9767135
5c0c9b31-29da-4437-b2a5-9cf0c907950e,f42128ff-96ff-4c07-8ad5-c344d9767135,6,6,2026-09-26T11:52:46.954606+00:00,d4a92ae2-6ecd-4043-8b5a-82414c597036,false,,,1,f42128ff-96ff-4c07-8ad5-c344d9767135,false,,false,,,,2,f42128ff-96ff-4c07-8ad5-c344d9767135
90e860ab-3594-4c5f-a090-ef9c00d1bc17,50dd6e49-1e4a-41ab-82ca-6d15050216b3,4,6,2026-09-26T12:17:50.908689+00:00,d4a92ae2-6ecd-4043-8b5a-82414c597036,false,,,1,50dd6e49-1e4a-41ab-82ca-6d15050216b3,false,,false,,,,2,50dd6e49-1e4a-41ab-82ca-6d15050216b3
6a421b24-e367-462a-8a81-446516f3906d,50dd6e49-1e4a-41ab-82ca-6d15050216b3,5,6,2026-09-26T12:17:50.908689+00:00,d4a92ae2-6ecd-4043-8b5a-82414c597036,false,,,1,50dd6e49-1e4a-41ab-82ca-6d15050216b3,false,,false,,,,2,50dd6e49-1e4a-41ab-82ca-6d15050216b3
0795e0f7-dd4b-4ca4-b80f-433818b000be,14e39112-6ce6-4eaf-9b97-097f758789f4,5,4,2026-09-26T13:17:40.5645+00:00,d4a92ae2-6ecd-4043-8b5a-82414c597036,false,,,1,14e39112-6ce6-4eaf-9b97-097f758789f4,false,,false,,,,2,14e39112-6ce6-4eaf-9b97-097f758789f4
ca3c99c3-deb1-44fa-9820-758dac7b1fab,14e39112-6ce6-4eaf-9b97-097f758789f4,6,5,2026-09-26T13:17:40.5645+00:00,d4a92ae2-6ecd-4043-8b5a-82414c597036,false,,,1,14e39112-6ce6-4eaf-9b97-097f758789f4,false,,false,,,,2,14e39112-6ce6-4eaf-9b97-097f758789f4
9526d47b-c556-4c8e-8023-832a780c4423,14e39112-6ce6-4eaf-9b97-097f758789f4,7,5,2026-09-26T13:17:40.5645+00:00,d4a92ae2-6ecd-4043-8b5a-82414c597036,false,,,1,14e39112-6ce6-4eaf-9b97-097f758789f4,false,,false,,,,2,14e39112-6ce6-4eaf-9b97-097f758789f4
48192a27-a9c8-428b-8891-92484296e8b9,14e39112-6ce6-4eaf-9b97-097f758789f4,8,4,2026-09-26T13:17:40.5645+00:00,d4a92ae2-6ecd-4043-8b5a-82414c597036,false,,,1,14e39112-6ce6-4eaf-9b97-097f758789f4,false,,false,,,,2,14e39112-6ce6-4eaf-9b97-097f758789f4
d3b5335b-a22e-45fa-8671-7a59b62b785f,eed4f2ad-d027-443d-9d78-a70e0a3b93a7,4,5,2026-09-26T13:18:19.110719+00:00,d4a92ae2-6ecd-4043-8b5a-82414c597036,false,,,1,eed4f2ad-d027-443d-9d78-a70e0a3b93a7,false,,false,,,,2,eed4f2ad-d027-443d-9d78-a70e0a3b93a7
64dc3007-3736-43aa-b16f-013c873c8a0d,eed4f2ad-d027-443d-9d78-a70e0a3b93a7,6,5,2026-09-26T13:18:19.110719+00:00,d4a92ae2-6ecd-4043-8b5a-82414c597036,false,,,1,eed4f2ad-d027-443d-9d78-a70e0a3b93a7,false,,false,,,,2,eed4f2ad-d027-443d-9d78-a70e0a3b93a7
d527a090-1eb3-4a64-9084-04b20f5bef4f,eed4f2ad-d027-443d-9d78-a70e0a3b93a7,7,5,2026-09-26T13:18:19.110719+00:00,d4a92ae2-6ecd-4043-8b5a-82414c597036,false,,,1,eed4f2ad-d027-443d-9d78-a70e0a3b93a7,false,,false,,,,2,eed4f2ad-d027-443d-9d78-a70e0a3b93a7
b417b229-f79e-4545-9512-d52ecbf4186f,eed4f2ad-d027-443d-9d78-a70e0a3b93a7,8,4,2026-09-26T13:18:19.110719+00:00,d4a92ae2-6ecd-4043-8b5a-82414c597036,false,,,1,eed4f2ad-d027-443d-9d78-a70e0a3b93a7,false,,false,,,,2,eed4f2ad-d027-443d-9d78-a70e0a3b93a7
abd56df5-9856-4bea-80e8-3f493c1e7534,84a783cc-96d7-494c-9413-5c6075d22010,1,8,2026-09-26T13:22:19.33876+00:00,d4a92ae2-6ecd-4043-8b5a-82414c597036,false,,,1,84a783cc-96d7-494c-9413-5c6075d22010,false,,false,,,,2,84a783cc-96d7-494c-9413-5c6075d22010
bf030670-f8ef-4fb5-9d2f-14169e550423,84a783cc-96d7-494c-9413-5c6075d22010,2,3,2026-09-26T13:22:19.33876+00:00,d4a92ae2-6ecd-4043-8b5a-82414c597036,false,,,1,84a783cc-96d7-494c-9413-5c6075d22010,false,,false,,,,2,84a783cc-96d7-494c-9413-5c6075d22010
c4590156-0f84-4424-9836-cc08dd5363f6,84a783cc-96d7-494c-9413-5c6075d22010,3,3,2026-09-26T13:22:19.33876+00:00,d4a92ae2-6ecd-4043-8b5a-82414c597036,false,,,1,84a783cc-96d7-494c-9413-5c6075d22010,false,,false,,,,2,84a783cc-96d7-494c-9413-5c6075d22010
94b638dc-99fe-4c36-b845-ab24cbd3eb60,fbc1c0c4-2815-4bdb-af5b-c0a7c4ebf642,1,5,2026-09-26T13:23:43.888816+00:00,d4a92ae2-6ecd-4043-8b5a-82414c597036,false,,,1,fbc1c0c4-2815-4bdb-af5b-c0a7c4ebf642,false,,false,,,,2,fbc1c0c4-2815-4bdb-af5b-c0a7c4ebf642
0841f663-e928-4bd4-bbae-f29b225feb7c,de28cd8e-9d77-4157-807a-369c938090ab,6,5,2026-09-26T13:25:11.563431+00:00,d4a92ae2-6ecd-4043-8b5a-82414c597036,false,,,1,de28cd8e-9d77-4157-807a-369c938090ab,false,,false,,,,2,de28cd8e-9d77-4157-807a-369c938090ab
58884c6b-897d-4510-bc53-dcada0b1feb9,de28cd8e-9d77-4157-807a-369c938090ab,7,4,2026-09-26T13:25:11.563431+00:00,d4a92ae2-6ecd-4043-8b5a-82414c597036,false,,,1,de28cd8e-9d77-4157-807a-369c938090ab,false,,false,,,,2,de28cd8e-9d77-4157-807a-369c938090ab
9f419ab3-5d1a-4a54-9c3f-d2c0ddedf079,de28cd8e-9d77-4157-807a-369c938090ab,8,4,2026-09-26T13:25:11.563431+00:00,d4a92ae2-6ecd-4043-8b5a-82414c597036,false,,,1,de28cd8e-9d77-4157-807a-369c938090ab,false,,false,,,,2,de28cd8e-9d77-4157-807a-369c938090ab
8c8c3d2e-0d64-43a5-a5c9-49d7416650e6,96b9b1f2-6aa1-4ce3-8602-db8885855df9,5,4,2026-09-26T13:39:58.217548+00:00,d4a92ae2-6ecd-4043-8b5a-82414c597036,false,,,1,96b9b1f2-6aa1-4ce3-8602-db8885855df9,false,,false,,,,2,96b9b1f2-6aa1-4ce3-8602-db8885855df9
443a71fc-434d-4f6b-a2d4-9aa8f229c0c1,96b9b1f2-6aa1-4ce3-8602-db8885855df9,6,5,2026-09-26T13:39:58.217548+00:00,d4a92ae2-6ecd-4043-8b5a-82414c597036,false,,,1,96b9b1f2-6aa1-4ce3-8602-db8885855df9,false,,false,,,,2,96b9b1f2-6aa1-4ce3-8602-db8885855df9
47c45ff8-b84d-45fb-bd76-3a7ec53fbc86,96b9b1f2-6aa1-4ce3-8602-db8885855df9,7,7,2026-09-26T13:39:58.217548+00:00,d4a92ae2-6ecd-4043-8b5a-82414c597036,false,,,1,96b9b1f2-6aa1-4ce3-8602-db8885855df9,false,,false,,,,2,96b9b1f2-6aa1-4ce3-8602-db8885855df9
68b0b4b2-470a-484e-bc45-7d5d9cc5bfa1,b8d0b9c8-feab-494a-b904-713a3ef84e28,4,6,2026-09-26T13:55:13.068582+00:00,d4a92ae2-6ecd-4043-8b5a-82414c597036,false,,,1,b8d0b9c8-feab-494a-b904-713a3ef84e28,false,,false,,,,2,b8d0b9c8-feab-494a-b904-713a3ef84e28
4fdf8ee9-dd58-4587-b07b-5ac3c19a4efe,b8d0b9c8-feab-494a-b904-713a3ef84e28,5,5,2026-09-26T13:55:13.068582+00:00,d4a92ae2-6ecd-4043-8b5a-82414c597036,false,,,1,b8d0b9c8-feab-494a-b904-713a3ef84e28,false,,false,,,,2,b8d0b9c8-feab-494a-b904-713a3ef84e28
d301e1e4-18f9-4bdf-bbcc-6d570acca8e0,b8d0b9c8-feab-494a-b904-713a3ef84e28,6,5,2026-09-26T13:55:13.068582+00:00,d4a92ae2-6ecd-4043-8b5a-82414c597036,false,,,1,b8d0b9c8-feab-494a-b904-713a3ef84e28,false,,false,,,,2,b8d0b9c8-feab-494a-b904-713a3ef84e28
8a8e56d1-e81f-4ed7-bafe-d847761fde97,b8d0b9c8-feab-494a-b904-713a3ef84e28,7,6,2026-09-26T13:55:13.068582+00:00,d4a92ae2-6ecd-4043-8b5a-82414c597036,false,,,1,b8d0b9c8-feab-494a-b904-713a3ef84e28,false,,false,,,,2,b8d0b9c8-feab-494a-b904-713a3ef84e28
52bdde14-ea3a-402b-9666-819b581acb48,b8d0b9c8-feab-494a-b904-713a3ef84e28,15,8,2026-09-26T13:55:13.068582+00:00,d4a92ae2-6ecd-4043-8b5a-82414c597036,false,,,1,b8d0b9c8-feab-494a-b904-713a3ef84e28,false,,false,,,,2,b8d0b9c8-feab-494a-b904-713a3ef84e28
92d645b0-996d-45d3-b1e7-75e7bd709730,c374f3e1-3ecb-45dd-a720-996aae83628e,4,6,2026-09-26T13:58:31.831284+00:00,d4a92ae2-6ecd-4043-8b5a-82414c597036,false,,,1,c374f3e1-3ecb-45dd-a720-996aae83628e,false,,false,,,,2,c374f3e1-3ecb-45dd-a720-996aae83628e
a0b37b6c-0063-4a14-a928-fd192d258bdc,c374f3e1-3ecb-45dd-a720-996aae83628e,5,5,2026-09-26T13:58:31.831284+00:00,d4a92ae2-6ecd-4043-8b5a-82414c597036,false,,,1,c374f3e1-3ecb-45dd-a720-996aae83628e,false,,false,,,,2,c374f3e1-3ecb-45dd-a720-996aae83628e
18f66920-cae4-45f1-9e6f-b83ba079a346,c374f3e1-3ecb-45dd-a720-996aae83628e,6,9,2026-09-26T13:58:31.831284+00:00,d4a92ae2-6ecd-4043-8b5a-82414c597036,false,,,1,c374f3e1-3ecb-45dd-a720-996aae83628e,false,,false,,,,2,c374f3e1-3ecb-45dd-a720-996aae83628e
03dbf88a-5f1d-41c4-934f-a7de6445473b,c374f3e1-3ecb-45dd-a720-996aae83628e,7,7,2026-09-26T13:58:31.831284+00:00,d4a92ae2-6ecd-4043-8b5a-82414c597036,false,,,1,c374f3e1-3ecb-45dd-a720-996aae83628e,false,,false,,,,2,c374f3e1-3ecb-45dd-a720-996aae83628e
141c6c80-21fe-4486-851a-9bd9927b27f4,c374f3e1-3ecb-45dd-a720-996aae83628e,14,7,2026-09-26T13:58:31.831284+00:00,d4a92ae2-6ecd-4043-8b5a-82414c597036,false,,,1,c374f3e1-3ecb-45dd-a720-996aae83628e,false,,false,,,,2,c374f3e1-3ecb-45dd-a720-996aae83628e
d00f07a3-4ee3-45b0-ac8c-c72a87900b05,14e39112-6ce6-4eaf-9b97-097f758789f4,10,4,2026-09-27T16:43:22.694686+00:00,d4a92ae2-6ecd-4043-8b5a-82414c597036,false,,,1,14e39112-6ce6-4eaf-9b97-097f758789f4,false,,false,,,,1,14e39112-6ce6-4eaf-9b97-097f758789f4
9837b462-a071-471c-b548-5882a8f5af7c,14e39112-6ce6-4eaf-9b97-097f758789f4,11,6,2026-09-27T16:43:22.694686+00:00,d4a92ae2-6ecd-4043-8b5a-82414c597036,false,,,1,14e39112-6ce6-4eaf-9b97-097f758789f4,false,,false,,,,1,14e39112-6ce6-4eaf-9b97-097f758789f4
5a8c5d0a-721b-4bb2-96b5-5453577a060a,14e39112-6ce6-4eaf-9b97-097f758789f4,12,4,2026-09-27T16:43:22.694686+00:00,d4a92ae2-6ecd-4043-8b5a-82414c597036,false,,,1,14e39112-6ce6-4eaf-9b97-097f758789f4,false,,false,,,,1,14e39112-6ce6-4eaf-9b97-097f758789f4
4f6dab04-9a78-4b50-acee-c706cd9cf043,14e39112-6ce6-4eaf-9b97-097f758789f4,13,3,2026-09-27T16:43:22.694686+00:00,d4a92ae2-6ecd-4043-8b5a-82414c597036,false,,,1,14e39112-6ce6-4eaf-9b97-097f758789f4,false,,false,,,,1,14e39112-6ce6-4eaf-9b97-097f758789f4
da7b2812-6898-47fb-8930-0637b22bc2ec,f42128ff-96ff-4c07-8ad5-c344d9767135,7,6,2026-09-26T11:52:46.954606+00:00,d4a92ae2-6ecd-4043-8b5a-82414c597036,false,,,1,f42128ff-96ff-4c07-8ad5-c344d9767135,false,,false,,,,2,f42128ff-96ff-4c07-8ad5-c344d9767135
562ddc15-dd1b-4ebf-a328-9ee2ff5be122,39ace5a0-881a-4178-aa2b-2fd274ebc40a,17,3,2026-09-27T16:42:05.187962+00:00,d4a92ae2-6ecd-4043-8b5a-82414c597036,false,,,1,39ace5a0-881a-4178-aa2b-2fd274ebc40a,false,,false,,,,2,39ace5a0-881a-4178-aa2b-2fd274ebc40a
1511b6b9-755d-4646-89ab-54a1126e4c13,39ace5a0-881a-4178-aa2b-2fd274ebc40a,18,4,2026-09-27T16:42:05.187962+00:00,d4a92ae2-6ecd-4043-8b5a-82414c597036,false,,,1,39ace5a0-881a-4178-aa2b-2fd274ebc40a,false,,false,,,,2,39ace5a0-881a-4178-aa2b-2fd274ebc40a
10fc3c48-fbee-42c9-abdd-0fdf522efdda,fbc1c0c4-2815-4bdb-af5b-c0a7c4ebf642,2,4,2026-09-27T16:42:05.187962+00:00,d4a92ae2-6ecd-4043-8b5a-82414c597036,false,,,1,fbc1c0c4-2815-4bdb-af5b-c0a7c4ebf642,false,,false,,,,2,fbc1c0c4-2815-4bdb-af5b-c0a7c4ebf642
ec85bd51-bac6-4003-8f4b-ce52e311f318,39ace5a0-881a-4178-aa2b-2fd274ebc40a,6,5,2026-09-26T13:16:28.372405+00:00,d4a92ae2-6ecd-4043-8b5a-82414c597036,false,,,1,39ace5a0-881a-4178-aa2b-2fd274ebc40a,false,,false,,,,2,39ace5a0-881a-4178-aa2b-2fd274ebc40a
66457de0-2620-4803-bed2-f2a1bd17434b,39ace5a0-881a-4178-aa2b-2fd274ebc40a,7,5,2026-09-26T13:16:28.372405+00:00,d4a92ae2-6ecd-4043-8b5a-82414c597036,false,,,1,39ace5a0-881a-4178-aa2b-2fd274ebc40a,false,,false,,,,2,39ace5a0-881a-4178-aa2b-2fd274ebc40a
139bb66c-1283-4b48-96f2-2b2afa8581e1,39ace5a0-881a-4178-aa2b-2fd274ebc40a,8,4,2026-09-26T13:16:28.372405+00:00,d4a92ae2-6ecd-4043-8b5a-82414c597036,false,,,1,39ace5a0-881a-4178-aa2b-2fd274ebc40a,false,,false,,,,2,39ace5a0-881a-4178-aa2b-2fd274ebc40a
9a5847a6-056a-45b4-8770-ef5a58567f0e,39ace5a0-881a-4178-aa2b-2fd274ebc40a,9,4,2026-09-26T13:16:28.372405+00:00,d4a92ae2-6ecd-4043-8b5a-82414c597036,false,,,1,39ace5a0-881a-4178-aa2b-2fd274ebc40a,false,,false,,,,2,39ace5a0-881a-4178-aa2b-2fd274ebc40a
87780ac2-b33c-4dcc-9b04-cb43c2b6afd2,39ace5a0-881a-4178-aa2b-2fd274ebc40a,14,4,2026-09-26T13:16:28.372405+00:00,d4a92ae2-6ecd-4043-8b5a-82414c597036,false,,,1,39ace5a0-881a-4178-aa2b-2fd274ebc40a,false,,false,,,,2,39ace5a0-881a-4178-aa2b-2fd274ebc40a
a227bb1b-7c47-4d42-b148-d92d1658fa03,39ace5a0-881a-4178-aa2b-2fd274ebc40a,16,4,2026-09-26T13:16:28.372405+00:00,d4a92ae2-6ecd-4043-8b5a-82414c597036,false,,,1,39ace5a0-881a-4178-aa2b-2fd274ebc40a,false,,false,,,,2,39ace5a0-881a-4178-aa2b-2fd274ebc40a
b03df282-f7e3-44fa-b8a9-1d34887bb34b,14e39112-6ce6-4eaf-9b97-097f758789f4,14,5,2026-09-27T16:43:22.694686+00:00,d4a92ae2-6ecd-4043-8b5a-82414c597036,false,,,1,14e39112-6ce6-4eaf-9b97-097f758789f4,false,,false,,,,1,14e39112-6ce6-4eaf-9b97-097f758789f4
4ba87912-7163-43ba-a05c-78cb86bf6811,14e39112-6ce6-4eaf-9b97-097f758789f4,15,4,2026-09-27T16:43:22.694686+00:00,d4a92ae2-6ecd-4043-8b5a-82414c597036,false,,,1,14e39112-6ce6-4eaf-9b97-097f758789f4,false,,false,,,,1,14e39112-6ce6-4eaf-9b97-097f758789f4
1797abe0-6db7-4bdf-8440-703bcc618c6e,14e39112-6ce6-4eaf-9b97-097f758789f4,16,4,2026-09-27T16:43:22.694686+00:00,d4a92ae2-6ecd-4043-8b5a-82414c597036,false,,,1,14e39112-6ce6-4eaf-9b97-097f758789f4,false,,false,,,,1,14e39112-6ce6-4eaf-9b97-097f758789f4
ca06b220-39a9-4fde-819b-edea202d3b73,14e39112-6ce6-4eaf-9b97-097f758789f4,17,3,2026-09-27T16:43:22.694686+00:00,d4a92ae2-6ecd-4043-8b5a-82414c597036,false,,,1,14e39112-6ce6-4eaf-9b97-097f758789f4,false,,false,,,,1,14e39112-6ce6-4eaf-9b97-097f758789f4
a45ec713-5f15-42ee-8021-1e5cc525121c,14e39112-6ce6-4eaf-9b97-097f758789f4,18,4,2026-09-27T16:43:22.694686+00:00,d4a92ae2-6ecd-4043-8b5a-82414c597036,false,,,1,14e39112-6ce6-4eaf-9b97-097f758789f4,false,,false,,,,1,14e39112-6ce6-4eaf-9b97-097f758789f4
03581019-1a73-4d71-aeb6-a7618eba8657,16bbde86-be42-4588-bf60-d2798fec823b,1,5,2026-09-27T16:43:22.694686+00:00,d4a92ae2-6ecd-4043-8b5a-82414c597036,false,,,1,16bbde86-be42-4588-bf60-d2798fec823b,false,,false,,,,1,16bbde86-be42-4588-bf60-d2798fec823b
5ee973a0-d8bc-44a4-8670-0cf3abb039fa,16bbde86-be42-4588-bf60-d2798fec823b,2,4,2026-09-27T16:43:22.694686+00:00,d4a92ae2-6ecd-4043-8b5a-82414c597036,false,,,1,16bbde86-be42-4588-bf60-d2798fec823b,false,,false,,,,1,16bbde86-be42-4588-bf60-d2798fec823b
35a7dc8f-c301-4bf5-9c11-0d00de9c1a40,16bbde86-be42-4588-bf60-d2798fec823b,3,4,2026-09-27T16:43:22.694686+00:00,d4a92ae2-6ecd-4043-8b5a-82414c597036,false,,,1,16bbde86-be42-4588-bf60-d2798fec823b,false,,false,,,,1,16bbde86-be42-4588-bf60-d2798fec823b
958bc671-7acc-4d03-8c13-115d6b5e4305,16bbde86-be42-4588-bf60-d2798fec823b,4,3,2026-09-27T16:43:22.694686+00:00,d4a92ae2-6ecd-4043-8b5a-82414c597036,false,,,1,16bbde86-be42-4588-bf60-d2798fec823b,false,,false,,,,1,16bbde86-be42-4588-bf60-d2798fec823b
93572a4a-66ef-4d98-9ec3-018b3ed2b240,16bbde86-be42-4588-bf60-d2798fec823b,5,4,2026-09-27T16:43:22.694686+00:00,d4a92ae2-6ecd-4043-8b5a-82414c597036,false,,,1,16bbde86-be42-4588-bf60-d2798fec823b,false,,false,,,,1,16bbde86-be42-4588-bf60-d2798fec823b
882345f4-d8d9-4d11-a0a5-81912da4e4f0,16bbde86-be42-4588-bf60-d2798fec823b,6,4,2026-09-27T16:43:22.694686+00:00,d4a92ae2-6ecd-4043-8b5a-82414c597036,false,,,1,16bbde86-be42-4588-bf60-d2798fec823b,false,,false,,,,1,16bbde86-be42-4588-bf60-d2798fec823b
8ce2d162-3bb0-4f88-8581-72e0b5e979f7,16bbde86-be42-4588-bf60-d2798fec823b,7,4,2026-09-27T16:43:22.694686+00:00,d4a92ae2-6ecd-4043-8b5a-82414c597036,false,,,1,16bbde86-be42-4588-bf60-d2798fec823b,false,,false,,,,1,16bbde86-be42-4588-bf60-d2798fec823b
dd614974-2d18-4c34-b4bc-5da0619ef321,16bbde86-be42-4588-bf60-d2798fec823b,8,3,2026-09-27T16:43:22.694686+00:00,d4a92ae2-6ecd-4043-8b5a-82414c597036,false,,,1,16bbde86-be42-4588-bf60-d2798fec823b,false,,false,,,,1,16bbde86-be42-4588-bf60-d2798fec823b
b0cb41a9-d4ad-4b07-8efa-586dbcff9870,16bbde86-be42-4588-bf60-d2798fec823b,9,5,2026-09-27T16:43:22.694686+00:00,d4a92ae2-6ecd-4043-8b5a-82414c597036,false,,,1,16bbde86-be42-4588-bf60-d2798fec823b,false,,false,,,,1,16bbde86-be42-4588-bf60-d2798fec823b
37153010-a471-4774-97dd-5008e3f86bf6,16bbde86-be42-4588-bf60-d2798fec823b,10,4,2026-09-27T16:43:22.694686+00:00,d4a92ae2-6ecd-4043-8b5a-82414c597036,false,,,1,16bbde86-be42-4588-bf60-d2798fec823b,false,,false,,,,1,16bbde86-be42-4588-bf60-d2798fec823b
be183f13-52f3-4840-a21d-1217b85dbd57,16bbde86-be42-4588-bf60-d2798fec823b,11,4,2026-09-27T16:43:22.694686+00:00,d4a92ae2-6ecd-4043-8b5a-82414c597036,false,,,1,16bbde86-be42-4588-bf60-d2798fec823b,false,,false,,,,1,16bbde86-be42-4588-bf60-d2798fec823b
bcc4ec5e-c807-4271-b51d-af81221d0190,16bbde86-be42-4588-bf60-d2798fec823b,12,3,2026-09-27T16:43:22.694686+00:00,d4a92ae2-6ecd-4043-8b5a-82414c597036,false,,,1,16bbde86-be42-4588-bf60-d2798fec823b,false,,false,,,,1,16bbde86-be42-4588-bf60-d2798fec823b
c2884b7a-c519-44fc-8c4b-78bb070fafc8,16bbde86-be42-4588-bf60-d2798fec823b,13,3,2026-09-27T16:43:22.694686+00:00,d4a92ae2-6ecd-4043-8b5a-82414c597036,false,,,1,16bbde86-be42-4588-bf60-d2798fec823b,false,,false,,,,1,16bbde86-be42-4588-bf60-d2798fec823b
474cf768-5576-4159-a1e0-dba8a0eed17c,16bbde86-be42-4588-bf60-d2798fec823b,14,4,2026-09-27T16:43:22.694686+00:00,d4a92ae2-6ecd-4043-8b5a-82414c597036,false,,,1,16bbde86-be42-4588-bf60-d2798fec823b,false,,false,,,,1,16bbde86-be42-4588-bf60-d2798fec823b
425438bf-3e6d-4138-b0a6-608ed6e2dfdb,de28cd8e-9d77-4157-807a-369c938090ab,9,5,2026-09-26T13:25:11.563431+00:00,d4a92ae2-6ecd-4043-8b5a-82414c597036,false,,,1,de28cd8e-9d77-4157-807a-369c938090ab,false,,false,,,,2,de28cd8e-9d77-4157-807a-369c938090ab
9d1ed6f3-013a-490a-b468-6f66313b0e5d,de28cd8e-9d77-4157-807a-369c938090ab,16,4,2026-09-26T13:25:11.563431+00:00,d4a92ae2-6ecd-4043-8b5a-82414c597036,false,,,1,de28cd8e-9d77-4157-807a-369c938090ab,false,,false,,,,2,de28cd8e-9d77-4157-807a-369c938090ab
45720b29-8488-4cc3-8586-6a61fc74c8bf,de28cd8e-9d77-4157-807a-369c938090ab,17,4,2026-09-26T13:25:11.563431+00:00,d4a92ae2-6ecd-4043-8b5a-82414c597036,false,,,1,de28cd8e-9d77-4157-807a-369c938090ab,false,,false,,,,2,de28cd8e-9d77-4157-807a-369c938090ab
62ff7597-3d9c-4bb8-9b14-4bd1aedb49c2,96b9b1f2-6aa1-4ce3-8602-db8885855df9,9,6,2026-09-26T13:39:58.217548+00:00,d4a92ae2-6ecd-4043-8b5a-82414c597036,false,,,1,96b9b1f2-6aa1-4ce3-8602-db8885855df9,false,,false,,,,2,96b9b1f2-6aa1-4ce3-8602-db8885855df9
75af8eb0-99cb-40e9-8632-884df878fd0b,fbc1c0c4-2815-4bdb-af5b-c0a7c4ebf642,3,2,2026-09-27T16:42:05.187962+00:00,d4a92ae2-6ecd-4043-8b5a-82414c597036,false,,,1,fbc1c0c4-2815-4bdb-af5b-c0a7c4ebf642,false,,false,,,,2,fbc1c0c4-2815-4bdb-af5b-c0a7c4ebf642
affe6f8c-e7f9-4a03-8bd5-8e63591d5f36,16bbde86-be42-4588-bf60-d2798fec823b,15,3,2026-09-27T16:43:22.694686+00:00,d4a92ae2-6ecd-4043-8b5a-82414c597036,false,,,1,16bbde86-be42-4588-bf60-d2798fec823b,false,,false,,,,1,16bbde86-be42-4588-bf60-d2798fec823b
42503b22-1d6c-49d1-bb01-9ee3653a44c2,16bbde86-be42-4588-bf60-d2798fec823b,16,5,2026-09-27T16:43:22.694686+00:00,d4a92ae2-6ecd-4043-8b5a-82414c597036,false,,,1,16bbde86-be42-4588-bf60-d2798fec823b,false,,false,,,,1,16bbde86-be42-4588-bf60-d2798fec823b
5f4989ff-13c1-455a-880a-badfadd90bcf,16bbde86-be42-4588-bf60-d2798fec823b,17,3,2026-09-27T16:43:22.694686+00:00,d4a92ae2-6ecd-4043-8b5a-82414c597036,false,,,1,16bbde86-be42-4588-bf60-d2798fec823b,false,,false,,,,1,16bbde86-be42-4588-bf60-d2798fec823b
d62155c3-8adb-417f-9eb6-7eeb6563f153,16bbde86-be42-4588-bf60-d2798fec823b,18,5,2026-09-27T16:43:22.694686+00:00,d4a92ae2-6ecd-4043-8b5a-82414c597036,false,,,1,16bbde86-be42-4588-bf60-d2798fec823b,false,,false,,,,1,16bbde86-be42-4588-bf60-d2798fec823b
a039536e-c797-4832-b5cf-f9009576fe88,39ace5a0-881a-4178-aa2b-2fd274ebc40a,1,5,2026-09-27T16:43:22.694686+00:00,d4a92ae2-6ecd-4043-8b5a-82414c597036,false,,,1,39ace5a0-881a-4178-aa2b-2fd274ebc40a,false,,false,,,,1,39ace5a0-881a-4178-aa2b-2fd274ebc40a
7eb3ca06-f6c0-42bb-b55b-b7bc92df27fd,39ace5a0-881a-4178-aa2b-2fd274ebc40a,2,4,2026-09-27T16:43:22.694686+00:00,d4a92ae2-6ecd-4043-8b5a-82414c597036,false,,,1,39ace5a0-881a-4178-aa2b-2fd274ebc40a,false,,false,,,,1,39ace5a0-881a-4178-aa2b-2fd274ebc40a
87e1d7a1-a3eb-43ff-ba86-b0b0fccca99b,39ace5a0-881a-4178-aa2b-2fd274ebc40a,3,2,2026-09-27T16:43:22.694686+00:00,d4a92ae2-6ecd-4043-8b5a-82414c597036,false,,,1,39ace5a0-881a-4178-aa2b-2fd274ebc40a,false,,false,,,,1,39ace5a0-881a-4178-aa2b-2fd274ebc40a
ea037ffa-e519-425f-897f-d256386a1b8a,39ace5a0-881a-4178-aa2b-2fd274ebc40a,4,5,2026-09-27T16:43:22.694686+00:00,d4a92ae2-6ecd-4043-8b5a-82414c597036,false,,,1,39ace5a0-881a-4178-aa2b-2fd274ebc40a,false,,false,,,,1,39ace5a0-881a-4178-aa2b-2fd274ebc40a
cd9c11ae-9c00-4220-a94c-4fb8df609b25,39ace5a0-881a-4178-aa2b-2fd274ebc40a,5,4,2026-09-27T16:43:22.694686+00:00,d4a92ae2-6ecd-4043-8b5a-82414c597036,false,,,1,39ace5a0-881a-4178-aa2b-2fd274ebc40a,false,,false,,,,1,39ace5a0-881a-4178-aa2b-2fd274ebc40a
cc4f4414-8afd-4f38-88dd-2bb65bd0f197,39ace5a0-881a-4178-aa2b-2fd274ebc40a,6,4,2026-09-27T16:43:22.694686+00:00,d4a92ae2-6ecd-4043-8b5a-82414c597036,false,,,1,39ace5a0-881a-4178-aa2b-2fd274ebc40a,false,,false,,,,1,39ace5a0-881a-4178-aa2b-2fd274ebc40a
1d6d66c3-d251-42b5-8704-052978a0157f,b8d0b9c8-feab-494a-b904-713a3ef84e28,8,5,2026-09-26T13:55:13.068582+00:00,d4a92ae2-6ecd-4043-8b5a-82414c597036,false,,,1,b8d0b9c8-feab-494a-b904-713a3ef84e28,false,,false,,,,2,b8d0b9c8-feab-494a-b904-713a3ef84e28
b32ade85-f42d-4332-b7ae-6aca553525de,b8d0b9c8-feab-494a-b904-713a3ef84e28,12,5,2026-09-26T13:55:13.068582+00:00,d4a92ae2-6ecd-4043-8b5a-82414c597036,false,,,1,b8d0b9c8-feab-494a-b904-713a3ef84e28,false,,false,,,,2,b8d0b9c8-feab-494a-b904-713a3ef84e28
9929c00c-0a7f-4023-81f8-f407133d25d2,b8d0b9c8-feab-494a-b904-713a3ef84e28,13,4,2026-09-26T13:55:13.068582+00:00,d4a92ae2-6ecd-4043-8b5a-82414c597036,false,,,1,b8d0b9c8-feab-494a-b904-713a3ef84e28,false,,false,,,,2,b8d0b9c8-feab-494a-b904-713a3ef84e28
e5bd6012-195c-4af1-a4b5-4fbe880ed56e,b8d0b9c8-feab-494a-b904-713a3ef84e28,16,5,2026-09-26T13:55:13.068582+00:00,d4a92ae2-6ecd-4043-8b5a-82414c597036,false,,,1,b8d0b9c8-feab-494a-b904-713a3ef84e28,false,,false,,,,2,b8d0b9c8-feab-494a-b904-713a3ef84e28
1868c16e-817b-471c-8498-8ddf2537342a,b8d0b9c8-feab-494a-b904-713a3ef84e28,17,5,2026-09-26T13:55:13.068582+00:00,d4a92ae2-6ecd-4043-8b5a-82414c597036,false,,,1,b8d0b9c8-feab-494a-b904-713a3ef84e28,false,,false,,,,2,b8d0b9c8-feab-494a-b904-713a3ef84e28
3820aa38-fa12-4769-b104-acdf34311884,c374f3e1-3ecb-45dd-a720-996aae83628e,8,7,2026-09-26T13:58:31.831284+00:00,d4a92ae2-6ecd-4043-8b5a-82414c597036,false,,,1,c374f3e1-3ecb-45dd-a720-996aae83628e,false,,false,,,,2,c374f3e1-3ecb-45dd-a720-996aae83628e
b731b771-0917-4fbb-a4fa-a55da939aa7d,39ace5a0-881a-4178-aa2b-2fd274ebc40a,7,5,2026-09-27T16:43:22.694686+00:00,d4a92ae2-6ecd-4043-8b5a-82414c597036,false,,,1,39ace5a0-881a-4178-aa2b-2fd274ebc40a,false,,false,,,,1,39ace5a0-881a-4178-aa2b-2fd274ebc40a
424fe693-5f44-400a-b6ad-bafdff0fe216,39ace5a0-881a-4178-aa2b-2fd274ebc40a,8,5,2026-09-27T16:43:22.694686+00:00,d4a92ae2-6ecd-4043-8b5a-82414c597036,false,,,1,39ace5a0-881a-4178-aa2b-2fd274ebc40a,false,,false,,,,1,39ace5a0-881a-4178-aa2b-2fd274ebc40a
833191b8-1810-4228-baa9-4492157b6179,39ace5a0-881a-4178-aa2b-2fd274ebc40a,9,4,2026-09-27T16:43:22.694686+00:00,d4a92ae2-6ecd-4043-8b5a-82414c597036,false,,,1,39ace5a0-881a-4178-aa2b-2fd274ebc40a,false,,false,,,,1,39ace5a0-881a-4178-aa2b-2fd274ebc40a
1b153753-6aa3-432b-a920-4ccc589ce15b,79fae2cb-e948-49a9-aa44-6bb1d4ea602b,1,4,2026-09-27T16:42:05.187962+00:00,d4a92ae2-6ecd-4043-8b5a-82414c597036,false,,,1,79fae2cb-e948-49a9-aa44-6bb1d4ea602b,false,,false,,,,2,79fae2cb-e948-49a9-aa44-6bb1d4ea602b
1f187c90-3a5a-44c5-8b92-f9f13d319dc6,79fae2cb-e948-49a9-aa44-6bb1d4ea602b,2,5,2026-09-27T16:42:05.187962+00:00,d4a92ae2-6ecd-4043-8b5a-82414c597036,false,,,1,79fae2cb-e948-49a9-aa44-6bb1d4ea602b,false,,false,,,,2,79fae2cb-e948-49a9-aa44-6bb1d4ea602b
0edbe9dd-2d21-45e9-9645-efd318a92a81,39ace5a0-881a-4178-aa2b-2fd274ebc40a,10,8,2026-09-27T16:43:22.694686+00:00,d4a92ae2-6ecd-4043-8b5a-82414c597036,false,,,1,39ace5a0-881a-4178-aa2b-2fd274ebc40a,false,,false,,,,1,39ace5a0-881a-4178-aa2b-2fd274ebc40a
ce4eb59f-0e7d-46ac-b713-9e57d85a5a96,39ace5a0-881a-4178-aa2b-2fd274ebc40a,11,5,2026-09-27T16:43:22.694686+00:00,d4a92ae2-6ecd-4043-8b5a-82414c597036,false,,,1,39ace5a0-881a-4178-aa2b-2fd274ebc40a,false,,false,,,,1,39ace5a0-881a-4178-aa2b-2fd274ebc40a
3cc26b34-d868-4278-b90d-08256f0b3f09,39ace5a0-881a-4178-aa2b-2fd274ebc40a,12,4,2026-09-27T16:43:22.694686+00:00,d4a92ae2-6ecd-4043-8b5a-82414c597036,false,,,1,39ace5a0-881a-4178-aa2b-2fd274ebc40a,false,,false,,,,1,39ace5a0-881a-4178-aa2b-2fd274ebc40a
91e23637-d4fd-4738-96a2-713e1322086b,39ace5a0-881a-4178-aa2b-2fd274ebc40a,13,3,2026-09-27T16:43:22.694686+00:00,d4a92ae2-6ecd-4043-8b5a-82414c597036,false,,,1,39ace5a0-881a-4178-aa2b-2fd274ebc40a,false,,false,,,,1,39ace5a0-881a-4178-aa2b-2fd274ebc40a
d798b495-4f4a-4818-bec6-983eb23ae42a,39ace5a0-881a-4178-aa2b-2fd274ebc40a,14,6,2026-09-27T16:43:22.694686+00:00,d4a92ae2-6ecd-4043-8b5a-82414c597036,false,,,1,39ace5a0-881a-4178-aa2b-2fd274ebc40a,false,,false,,,,1,39ace5a0-881a-4178-aa2b-2fd274ebc40a
d9f0c494-1abe-4c01-b194-f8edbb72deb2,de28cd8e-9d77-4157-807a-369c938090ab,1,5,2026-09-27T16:43:22.694686+00:00,d4a92ae2-6ecd-4043-8b5a-82414c597036,false,,,1,de28cd8e-9d77-4157-807a-369c938090ab,false,,false,,,,1,de28cd8e-9d77-4157-807a-369c938090ab
a10bc2d1-aae6-4a27-ad16-2746148f2ae8,de28cd8e-9d77-4157-807a-369c938090ab,2,4,2026-09-27T16:43:22.694686+00:00,d4a92ae2-6ecd-4043-8b5a-82414c597036,false,,,1,de28cd8e-9d77-4157-807a-369c938090ab,false,,false,,,,1,de28cd8e-9d77-4157-807a-369c938090ab
f0037d54-6013-4d32-b7e5-3aa4173bea4f,de28cd8e-9d77-4157-807a-369c938090ab,3,4,2026-09-27T16:43:22.694686+00:00,d4a92ae2-6ecd-4043-8b5a-82414c597036,false,,,1,de28cd8e-9d77-4157-807a-369c938090ab,false,,false,,,,1,de28cd8e-9d77-4157-807a-369c938090ab
d134ed66-79a4-49cc-b15c-ee7a7dce0e02,de28cd8e-9d77-4157-807a-369c938090ab,4,5,2026-09-27T16:43:22.694686+00:00,d4a92ae2-6ecd-4043-8b5a-82414c597036,false,,,1,de28cd8e-9d77-4157-807a-369c938090ab,false,,false,,,,1,de28cd8e-9d77-4157-807a-369c938090ab
c892b5e2-1a9d-4a96-be65-e2312467a660,de28cd8e-9d77-4157-807a-369c938090ab,5,3,2026-09-27T16:43:22.694686+00:00,d4a92ae2-6ecd-4043-8b5a-82414c597036,false,,,1,de28cd8e-9d77-4157-807a-369c938090ab,false,,false,,,,1,de28cd8e-9d77-4157-807a-369c938090ab
216a2158-819e-4f9d-9c7a-32007b5bb6b3,de28cd8e-9d77-4157-807a-369c938090ab,6,4,2026-09-27T16:43:22.694686+00:00,d4a92ae2-6ecd-4043-8b5a-82414c597036,false,,,1,de28cd8e-9d77-4157-807a-369c938090ab,false,,false,,,,1,de28cd8e-9d77-4157-807a-369c938090ab
0785687c-3a39-4755-8df6-a6d936f75f20,de28cd8e-9d77-4157-807a-369c938090ab,7,4,2026-09-27T16:43:22.694686+00:00,d4a92ae2-6ecd-4043-8b5a-82414c597036,false,,,1,de28cd8e-9d77-4157-807a-369c938090ab,false,,false,,,,1,de28cd8e-9d77-4157-807a-369c938090ab
24d511c0-211e-47ce-abab-12dc2d8074db,de28cd8e-9d77-4157-807a-369c938090ab,8,4,2026-09-27T16:43:22.694686+00:00,d4a92ae2-6ecd-4043-8b5a-82414c597036,false,,,1,de28cd8e-9d77-4157-807a-369c938090ab,false,,false,,,,1,de28cd8e-9d77-4157-807a-369c938090ab
83267059-68da-4435-ad2b-610bda6ed185,de28cd8e-9d77-4157-807a-369c938090ab,9,5,2026-09-27T16:43:22.694686+00:00,d4a92ae2-6ecd-4043-8b5a-82414c597036,false,,,1,de28cd8e-9d77-4157-807a-369c938090ab,false,,false,,,,1,de28cd8e-9d77-4157-807a-369c938090ab
25063a32-d4a8-4e32-87e5-09f15f5f843a,de28cd8e-9d77-4157-807a-369c938090ab,10,5,2026-09-27T16:43:22.694686+00:00,d4a92ae2-6ecd-4043-8b5a-82414c597036,false,,,1,de28cd8e-9d77-4157-807a-369c938090ab,false,,false,,,,1,de28cd8e-9d77-4157-807a-369c938090ab
1506fdb3-5c9e-4827-8a15-0bb739ef976a,de28cd8e-9d77-4157-807a-369c938090ab,11,6,2026-09-27T16:43:22.694686+00:00,d4a92ae2-6ecd-4043-8b5a-82414c597036,false,,,1,de28cd8e-9d77-4157-807a-369c938090ab,false,,false,,,,1,de28cd8e-9d77-4157-807a-369c938090ab
a55afaa6-2616-4395-a435-7b8c73bdcecc,de28cd8e-9d77-4157-807a-369c938090ab,12,5,2026-09-27T16:43:22.694686+00:00,d4a92ae2-6ecd-4043-8b5a-82414c597036,false,,,1,de28cd8e-9d77-4157-807a-369c938090ab,false,,false,,,,1,de28cd8e-9d77-4157-807a-369c938090ab
4c9c29d3-1206-42da-93e8-a872fc3b7530,de28cd8e-9d77-4157-807a-369c938090ab,13,3,2026-09-27T16:43:22.694686+00:00,d4a92ae2-6ecd-4043-8b5a-82414c597036,false,,,1,de28cd8e-9d77-4157-807a-369c938090ab,false,,false,,,,1,de28cd8e-9d77-4157-807a-369c938090ab
749e5cf4-2eb5-417b-84c3-c3d2ece32dfe,de28cd8e-9d77-4157-807a-369c938090ab,14,5,2026-09-27T16:43:22.694686+00:00,d4a92ae2-6ecd-4043-8b5a-82414c597036,false,,,1,de28cd8e-9d77-4157-807a-369c938090ab,false,,false,,,,1,de28cd8e-9d77-4157-807a-369c938090ab
bd0c8784-8860-419b-9d7f-fd7ed0eb76e3,de28cd8e-9d77-4157-807a-369c938090ab,15,4,2026-09-27T16:43:22.694686+00:00,d4a92ae2-6ecd-4043-8b5a-82414c597036,false,,,1,de28cd8e-9d77-4157-807a-369c938090ab,false,,false,,,,1,de28cd8e-9d77-4157-807a-369c938090ab
9b63ca5f-c035-4d87-9bc1-1b9d2ac2f50a,de28cd8e-9d77-4157-807a-369c938090ab,16,4,2026-09-27T16:43:22.694686+00:00,d4a92ae2-6ecd-4043-8b5a-82414c597036,false,,,1,de28cd8e-9d77-4157-807a-369c938090ab,false,,false,,,,1,de28cd8e-9d77-4157-807a-369c938090ab
0a538272-f814-4320-8bd6-551d88caefb5,de28cd8e-9d77-4157-807a-369c938090ab,17,3,2026-09-27T16:43:22.694686+00:00,d4a92ae2-6ecd-4043-8b5a-82414c597036,false,,,1,de28cd8e-9d77-4157-807a-369c938090ab,false,,false,,,,1,de28cd8e-9d77-4157-807a-369c938090ab
256be18c-a440-4534-8635-a4195f5e7821,de28cd8e-9d77-4157-807a-369c938090ab,18,4,2026-09-27T16:43:22.694686+00:00,d4a92ae2-6ecd-4043-8b5a-82414c597036,false,,,1,de28cd8e-9d77-4157-807a-369c938090ab,false,,false,,,,1,de28cd8e-9d77-4157-807a-369c938090ab
a7e3fa7a-4d43-4bdf-a553-f9d76a0e3dd0,10f1afa0-aa58-4b13-8d05-4e0b8e462e5f,1,4,2026-09-27T16:43:22.694686+00:00,d4a92ae2-6ecd-4043-8b5a-82414c597036,false,,,1,10f1afa0-aa58-4b13-8d05-4e0b8e462e5f,false,,false,,,,1,10f1afa0-aa58-4b13-8d05-4e0b8e462e5f
15b18e40-935a-4797-bbab-e33e4c659275,79fae2cb-e948-49a9-aa44-6bb1d4ea602b,8,4,2026-09-26T13:14:21.006611+00:00,d4a92ae2-6ecd-4043-8b5a-82414c597036,false,,,1,79fae2cb-e948-49a9-aa44-6bb1d4ea602b,false,,false,,,,2,79fae2cb-e948-49a9-aa44-6bb1d4ea602b
0dc1b282-c70f-4112-9894-b6cc64c255d1,79fae2cb-e948-49a9-aa44-6bb1d4ea602b,9,3,2026-09-26T13:14:21.006611+00:00,d4a92ae2-6ecd-4043-8b5a-82414c597036,false,,,1,79fae2cb-e948-49a9-aa44-6bb1d4ea602b,false,,false,,,,2,79fae2cb-e948-49a9-aa44-6bb1d4ea602b
6cae2ae0-1ed1-46c9-8218-98d1c78d03fd,79fae2cb-e948-49a9-aa44-6bb1d4ea602b,10,5,2026-09-26T13:14:21.006611+00:00,d4a92ae2-6ecd-4043-8b5a-82414c597036,false,,,1,79fae2cb-e948-49a9-aa44-6bb1d4ea602b,false,,false,,,,2,79fae2cb-e948-49a9-aa44-6bb1d4ea602b
a869fa40-6204-40a5-934e-03b8b8fb6a2f,79fae2cb-e948-49a9-aa44-6bb1d4ea602b,17,3,2026-09-26T13:14:21.006611+00:00,d4a92ae2-6ecd-4043-8b5a-82414c597036,false,,,1,79fae2cb-e948-49a9-aa44-6bb1d4ea602b,false,,false,,,,2,79fae2cb-e948-49a9-aa44-6bb1d4ea602b
1f8fdf18-c594-445f-9d29-d2edd7fe79e7,79fae2cb-e948-49a9-aa44-6bb1d4ea602b,18,6,2026-09-26T13:14:21.006611+00:00,d4a92ae2-6ecd-4043-8b5a-82414c597036,false,,,1,79fae2cb-e948-49a9-aa44-6bb1d4ea602b,false,,false,,,,2,79fae2cb-e948-49a9-aa44-6bb1d4ea602b
e71ed721-656d-4df9-9277-0a742b856e3d,39ace5a0-881a-4178-aa2b-2fd274ebc40a,15,4,2026-09-26T13:16:28.372405+00:00,d4a92ae2-6ecd-4043-8b5a-82414c597036,false,,,1,39ace5a0-881a-4178-aa2b-2fd274ebc40a,false,,false,,,,2,39ace5a0-881a-4178-aa2b-2fd274ebc40a
8081e47d-62bb-4f74-839d-8d11da73ff46,14e39112-6ce6-4eaf-9b97-097f758789f4,2,4,2026-09-26T13:17:40.5645+00:00,d4a92ae2-6ecd-4043-8b5a-82414c597036,false,,,1,14e39112-6ce6-4eaf-9b97-097f758789f4,false,,false,,,,2,14e39112-6ce6-4eaf-9b97-097f758789f4
13effcdb-ae2e-492b-8b64-9d1a83b489ee,14e39112-6ce6-4eaf-9b97-097f758789f4,13,3,2026-09-26T13:17:40.5645+00:00,d4a92ae2-6ecd-4043-8b5a-82414c597036,false,,,1,14e39112-6ce6-4eaf-9b97-097f758789f4,false,,false,,,,2,14e39112-6ce6-4eaf-9b97-097f758789f4
75b084dd-da49-49bc-9570-80a64397422b,14e39112-6ce6-4eaf-9b97-097f758789f4,15,3,2026-09-26T13:17:40.5645+00:00,d4a92ae2-6ecd-4043-8b5a-82414c597036,false,,,1,14e39112-6ce6-4eaf-9b97-097f758789f4,false,,false,,,,2,14e39112-6ce6-4eaf-9b97-097f758789f4
a5953be1-caa2-4893-bb32-64ad660f2729,14e39112-6ce6-4eaf-9b97-097f758789f4,18,4,2026-09-26T13:17:40.5645+00:00,d4a92ae2-6ecd-4043-8b5a-82414c597036,false,,,1,14e39112-6ce6-4eaf-9b97-097f758789f4,false,,false,,,,2,14e39112-6ce6-4eaf-9b97-097f758789f4
d8b4408f-e0b7-4fd8-9295-b0da45e7adbe,eed4f2ad-d027-443d-9d78-a70e0a3b93a7,17,2,2026-09-26T13:18:19.110719+00:00,d4a92ae2-6ecd-4043-8b5a-82414c597036,false,,,1,eed4f2ad-d027-443d-9d78-a70e0a3b93a7,false,,false,,,,2,eed4f2ad-d027-443d-9d78-a70e0a3b93a7
5ec9033c-aba0-4f5c-9336-29c3b201a909,10f1afa0-aa58-4b13-8d05-4e0b8e462e5f,2,4,2026-09-27T16:43:22.694686+00:00,d4a92ae2-6ecd-4043-8b5a-82414c597036,false,,,1,10f1afa0-aa58-4b13-8d05-4e0b8e462e5f,false,,false,,,,1,10f1afa0-aa58-4b13-8d05-4e0b8e462e5f
de788aea-3f39-42ba-ba9a-6f6114312eef,de28cd8e-9d77-4157-807a-369c938090ab,18,6,2026-09-26T13:25:11.563431+00:00,d4a92ae2-6ecd-4043-8b5a-82414c597036,false,,,1,de28cd8e-9d77-4157-807a-369c938090ab,false,,false,,,,2,de28cd8e-9d77-4157-807a-369c938090ab
3a57ffe7-e010-4bdd-92f0-16d1f1d6daef,96b9b1f2-6aa1-4ce3-8602-db8885855df9,16,5,2026-09-26T13:39:58.217548+00:00,d4a92ae2-6ecd-4043-8b5a-82414c597036,false,,,1,96b9b1f2-6aa1-4ce3-8602-db8885855df9,false,,false,,,,2,96b9b1f2-6aa1-4ce3-8602-db8885855df9
122aceda-b188-4608-8359-78ff907b8079,96b9b1f2-6aa1-4ce3-8602-db8885855df9,18,6,2026-09-26T13:39:58.217548+00:00,d4a92ae2-6ecd-4043-8b5a-82414c597036,false,,,1,96b9b1f2-6aa1-4ce3-8602-db8885855df9,false,,false,,,,2,96b9b1f2-6aa1-4ce3-8602-db8885855df9
75ac62ba-6427-422a-b8fa-3dbd8e992739,0b2be1cc-3241-4cfe-9af6-0b92a5582cec,6,6,2026-09-26T13:40:39.404884+00:00,d4a92ae2-6ecd-4043-8b5a-82414c597036,false,,,1,0b2be1cc-3241-4cfe-9af6-0b92a5582cec,false,,false,,,,2,0b2be1cc-3241-4cfe-9af6-0b92a5582cec
84a7c8d2-7c2b-4d29-84bb-6165a035ce1b,0b2be1cc-3241-4cfe-9af6-0b92a5582cec,7,4,2026-09-26T13:40:39.404884+00:00,d4a92ae2-6ecd-4043-8b5a-82414c597036,false,,,1,0b2be1cc-3241-4cfe-9af6-0b92a5582cec,false,,false,,,,2,0b2be1cc-3241-4cfe-9af6-0b92a5582cec
3df1b539-67fd-4ba0-8882-a3aae68b18d3,10f1afa0-aa58-4b13-8d05-4e0b8e462e5f,3,3,2026-09-27T16:43:22.694686+00:00,d4a92ae2-6ecd-4043-8b5a-82414c597036,false,,,1,10f1afa0-aa58-4b13-8d05-4e0b8e462e5f,false,,false,,,,1,10f1afa0-aa58-4b13-8d05-4e0b8e462e5f
cdb9c0ae-4c84-45d7-9a82-fd9ff5b5351d,10f1afa0-aa58-4b13-8d05-4e0b8e462e5f,4,4,2026-09-27T16:43:22.694686+00:00,d4a92ae2-6ecd-4043-8b5a-82414c597036,false,,,1,10f1afa0-aa58-4b13-8d05-4e0b8e462e5f,false,,false,,,,1,10f1afa0-aa58-4b13-8d05-4e0b8e462e5f
52b287a9-becc-4b90-9bf4-37c5a03a72a6,10f1afa0-aa58-4b13-8d05-4e0b8e462e5f,5,3,2026-09-27T16:43:22.694686+00:00,d4a92ae2-6ecd-4043-8b5a-82414c597036,false,,,1,10f1afa0-aa58-4b13-8d05-4e0b8e462e5f,false,,false,,,,1,10f1afa0-aa58-4b13-8d05-4e0b8e462e5f
04091721-3de3-4067-ad77-a2c067ccbc32,10f1afa0-aa58-4b13-8d05-4e0b8e462e5f,6,4,2026-09-27T16:43:22.694686+00:00,d4a92ae2-6ecd-4043-8b5a-82414c597036,false,,,1,10f1afa0-aa58-4b13-8d05-4e0b8e462e5f,false,,false,,,,1,10f1afa0-aa58-4b13-8d05-4e0b8e462e5f
e2c45c22-d7e9-419b-a168-1c9b78c82219,10f1afa0-aa58-4b13-8d05-4e0b8e462e5f,7,4,2026-09-27T16:43:22.694686+00:00,d4a92ae2-6ecd-4043-8b5a-82414c597036,false,,,1,10f1afa0-aa58-4b13-8d05-4e0b8e462e5f,false,,false,,,,1,10f1afa0-aa58-4b13-8d05-4e0b8e462e5f
5f903c0a-7469-4983-9e8e-69e2eed187e1,10f1afa0-aa58-4b13-8d05-4e0b8e462e5f,8,3,2026-09-27T16:43:22.694686+00:00,d4a92ae2-6ecd-4043-8b5a-82414c597036,false,,,1,10f1afa0-aa58-4b13-8d05-4e0b8e462e5f,false,,false,,,,1,10f1afa0-aa58-4b13-8d05-4e0b8e462e5f
b6765fcd-ae37-4634-a324-3ad92e04b116,10f1afa0-aa58-4b13-8d05-4e0b8e462e5f,9,4,2026-09-27T16:43:22.694686+00:00,d4a92ae2-6ecd-4043-8b5a-82414c597036,false,,,1,10f1afa0-aa58-4b13-8d05-4e0b8e462e5f,false,,false,,,,1,10f1afa0-aa58-4b13-8d05-4e0b8e462e5f
da960154-17f9-4321-a877-0b60f9c04549,288cb02f-b30e-4cb3-8faf-08f5364d19fc,1,5,2026-09-26T13:48:31.2874+00:00,d4a92ae2-6ecd-4043-8b5a-82414c597036,false,,,1,288cb02f-b30e-4cb3-8faf-08f5364d19fc,false,,false,,,,2,288cb02f-b30e-4cb3-8faf-08f5364d19fc
9f104dbf-fe20-4987-97e6-b0eaeb332325,10f1afa0-aa58-4b13-8d05-4e0b8e462e5f,10,4,2026-09-27T16:43:22.694686+00:00,d4a92ae2-6ecd-4043-8b5a-82414c597036,false,,,1,10f1afa0-aa58-4b13-8d05-4e0b8e462e5f,false,,false,,,,1,10f1afa0-aa58-4b13-8d05-4e0b8e462e5f
04386647-3933-4eb5-afcb-e66f69ec8fa3,10f1afa0-aa58-4b13-8d05-4e0b8e462e5f,11,4,2026-09-27T16:43:22.694686+00:00,d4a92ae2-6ecd-4043-8b5a-82414c597036,false,,,1,10f1afa0-aa58-4b13-8d05-4e0b8e462e5f,false,,false,,,,1,10f1afa0-aa58-4b13-8d05-4e0b8e462e5f
5dc28fd0-cebc-4737-9fd9-4d7cba20eb10,10f1afa0-aa58-4b13-8d05-4e0b8e462e5f,12,4,2026-09-27T16:43:22.694686+00:00,d4a92ae2-6ecd-4043-8b5a-82414c597036,false,,,1,10f1afa0-aa58-4b13-8d05-4e0b8e462e5f,false,,false,,,,1,10f1afa0-aa58-4b13-8d05-4e0b8e462e5f
a7f08659-ce14-48cd-b868-5dc4c91cd2ac,10f1afa0-aa58-4b13-8d05-4e0b8e462e5f,13,3,2026-09-27T16:43:22.694686+00:00,d4a92ae2-6ecd-4043-8b5a-82414c597036,false,,,1,10f1afa0-aa58-4b13-8d05-4e0b8e462e5f,false,,false,,,,1,10f1afa0-aa58-4b13-8d05-4e0b8e462e5f
fcbf148a-23de-4ff2-be19-e0a6081fc985,10f1afa0-aa58-4b13-8d05-4e0b8e462e5f,14,4,2026-09-27T16:43:22.694686+00:00,d4a92ae2-6ecd-4043-8b5a-82414c597036,false,,,1,10f1afa0-aa58-4b13-8d05-4e0b8e462e5f,false,,false,,,,1,10f1afa0-aa58-4b13-8d05-4e0b8e462e5f
3c2f2bcd-08bd-46f3-97c3-01de616e0271,10f1afa0-aa58-4b13-8d05-4e0b8e462e5f,15,4,2026-09-27T16:43:22.694686+00:00,d4a92ae2-6ecd-4043-8b5a-82414c597036,false,,,1,10f1afa0-aa58-4b13-8d05-4e0b8e462e5f,false,,false,,,,1,10f1afa0-aa58-4b13-8d05-4e0b8e462e5f
6b27e4aa-c765-4be6-8c71-b42ef34566a9,10f1afa0-aa58-4b13-8d05-4e0b8e462e5f,16,4,2026-09-27T16:43:22.694686+00:00,d4a92ae2-6ecd-4043-8b5a-82414c597036,false,,,1,10f1afa0-aa58-4b13-8d05-4e0b8e462e5f,false,,false,,,,1,10f1afa0-aa58-4b13-8d05-4e0b8e462e5f
608ca4a5-ffea-43e2-be64-c5bd66883861,10f1afa0-aa58-4b13-8d05-4e0b8e462e5f,17,3,2026-09-27T16:43:22.694686+00:00,d4a92ae2-6ecd-4043-8b5a-82414c597036,false,,,1,10f1afa0-aa58-4b13-8d05-4e0b8e462e5f,false,,false,,,,1,10f1afa0-aa58-4b13-8d05-4e0b8e462e5f
6388526e-4f38-4cb1-8d17-4c7e63d47fa2,36381ba5-02d8-474e-a058-58b719674b9a,1,7,2026-09-27T16:42:05.187962+00:00,d4a92ae2-6ecd-4043-8b5a-82414c597036,false,,,1,36381ba5-02d8-474e-a058-58b719674b9a,false,,false,,,,2,36381ba5-02d8-474e-a058-58b719674b9a
624bc47a-f93e-4558-b5cf-56231fb3628b,36381ba5-02d8-474e-a058-58b719674b9a,2,4,2026-09-27T16:42:05.187962+00:00,d4a92ae2-6ecd-4043-8b5a-82414c597036,false,,,1,36381ba5-02d8-474e-a058-58b719674b9a,false,,false,,,,2,36381ba5-02d8-474e-a058-58b719674b9a
19cf2807-84b0-4998-9441-55d43dd6c618,36381ba5-02d8-474e-a058-58b719674b9a,3,3,2026-09-27T16:42:05.187962+00:00,d4a92ae2-6ecd-4043-8b5a-82414c597036,false,,,1,36381ba5-02d8-474e-a058-58b719674b9a,false,,false,,,,2,36381ba5-02d8-474e-a058-58b719674b9a
9d349fb3-eed5-47f4-ba5c-d722ae315efc,36381ba5-02d8-474e-a058-58b719674b9a,4,4,2026-09-27T16:42:05.187962+00:00,d4a92ae2-6ecd-4043-8b5a-82414c597036,false,,,1,36381ba5-02d8-474e-a058-58b719674b9a,false,,false,,,,2,36381ba5-02d8-474e-a058-58b719674b9a
54abe9cc-a150-4ee8-9d88-87e210936c0e,36381ba5-02d8-474e-a058-58b719674b9a,5,5,2026-09-27T16:42:05.187962+00:00,d4a92ae2-6ecd-4043-8b5a-82414c597036,false,,,1,36381ba5-02d8-474e-a058-58b719674b9a,false,,false,,,,2,36381ba5-02d8-474e-a058-58b719674b9a
576a5ad7-b79e-49d0-8206-29e192372ae1,36381ba5-02d8-474e-a058-58b719674b9a,6,6,2026-09-27T16:42:05.187962+00:00,d4a92ae2-6ecd-4043-8b5a-82414c597036,false,,,1,36381ba5-02d8-474e-a058-58b719674b9a,false,,false,,,,2,36381ba5-02d8-474e-a058-58b719674b9a
710d2a9c-cc0f-49d8-a8ef-25e74c0a4f47,36381ba5-02d8-474e-a058-58b719674b9a,7,5,2026-09-27T16:42:05.187962+00:00,d4a92ae2-6ecd-4043-8b5a-82414c597036,false,,,1,36381ba5-02d8-474e-a058-58b719674b9a,false,,false,,,,2,36381ba5-02d8-474e-a058-58b719674b9a
08bafe46-1995-4ebd-b2e6-d5dc6375879f,10f1afa0-aa58-4b13-8d05-4e0b8e462e5f,18,5,2026-09-27T16:43:22.694686+00:00,d4a92ae2-6ecd-4043-8b5a-82414c597036,false,,,1,10f1afa0-aa58-4b13-8d05-4e0b8e462e5f,false,,false,,,,1,10f1afa0-aa58-4b13-8d05-4e0b8e462e5f
605cd0d0-c005-4c3e-9ac3-9968da6a2d6d,fbc1c0c4-2815-4bdb-af5b-c0a7c4ebf642,1,6,2026-09-27T16:43:22.694686+00:00,d4a92ae2-6ecd-4043-8b5a-82414c597036,false,,,1,fbc1c0c4-2815-4bdb-af5b-c0a7c4ebf642,false,,false,,,,1,fbc1c0c4-2815-4bdb-af5b-c0a7c4ebf642
4f3d7f19-3542-4caa-9925-33070d358142,b64c96a6-6bd0-461d-9f68-f49865e53db5,6,6,2026-09-26T12:17:29.277605+00:00,d4a92ae2-6ecd-4043-8b5a-82414c597036,false,,,1,b64c96a6-6bd0-461d-9f68-f49865e53db5,false,,false,,,,2,b64c96a6-6bd0-461d-9f68-f49865e53db5
878d1fed-3759-4a13-ab44-c6657c32557f,b64c96a6-6bd0-461d-9f68-f49865e53db5,7,6,2026-09-26T12:17:29.277605+00:00,d4a92ae2-6ecd-4043-8b5a-82414c597036,false,,,1,b64c96a6-6bd0-461d-9f68-f49865e53db5,false,,false,,,,2,b64c96a6-6bd0-461d-9f68-f49865e53db5
144cebca-9e79-4e8a-901e-0dfc0c20a95e,b64c96a6-6bd0-461d-9f68-f49865e53db5,8,4,2026-09-26T12:17:29.277605+00:00,d4a92ae2-6ecd-4043-8b5a-82414c597036,false,,,1,b64c96a6-6bd0-461d-9f68-f49865e53db5,false,,false,,,,2,b64c96a6-6bd0-461d-9f68-f49865e53db5
2ee7756f-aaea-482b-b061-b5f16704e6b9,b64c96a6-6bd0-461d-9f68-f49865e53db5,9,6,2026-09-26T12:17:29.277605+00:00,d4a92ae2-6ecd-4043-8b5a-82414c597036,false,,,1,b64c96a6-6bd0-461d-9f68-f49865e53db5,false,,false,,,,2,b64c96a6-6bd0-461d-9f68-f49865e53db5
e9730cc8-aa02-4c26-814f-5160b519c38f,f42128ff-96ff-4c07-8ad5-c344d9767135,8,7,2026-09-26T11:52:46.954606+00:00,d4a92ae2-6ecd-4043-8b5a-82414c597036,false,,,1,f42128ff-96ff-4c07-8ad5-c344d9767135,false,,false,,,,2,f42128ff-96ff-4c07-8ad5-c344d9767135
3a46c701-c722-4cd1-890e-5b19e397020f,f42128ff-96ff-4c07-8ad5-c344d9767135,9,6,2026-09-26T11:52:46.954606+00:00,d4a92ae2-6ecd-4043-8b5a-82414c597036,false,,,1,f42128ff-96ff-4c07-8ad5-c344d9767135,false,,false,,,,2,f42128ff-96ff-4c07-8ad5-c344d9767135
2dd9b46a-2d08-40f6-a01e-d6b29fe12265,50dd6e49-1e4a-41ab-82ca-6d15050216b3,6,9,2026-09-26T12:17:50.908689+00:00,d4a92ae2-6ecd-4043-8b5a-82414c597036,false,,,1,50dd6e49-1e4a-41ab-82ca-6d15050216b3,false,,false,,,,2,50dd6e49-1e4a-41ab-82ca-6d15050216b3
8ce8e45b-35da-4e00-a8c0-d38c252943d8,50dd6e49-1e4a-41ab-82ca-6d15050216b3,7,5,2026-09-26T12:17:50.908689+00:00,d4a92ae2-6ecd-4043-8b5a-82414c597036,false,,,1,50dd6e49-1e4a-41ab-82ca-6d15050216b3,false,,false,,,,2,50dd6e49-1e4a-41ab-82ca-6d15050216b3
ec591c7f-3cc8-4ee7-976a-f6d4a7b551e3,50dd6e49-1e4a-41ab-82ca-6d15050216b3,8,7,2026-09-26T12:17:50.908689+00:00,d4a92ae2-6ecd-4043-8b5a-82414c597036,false,,,1,50dd6e49-1e4a-41ab-82ca-6d15050216b3,false,,false,,,,2,50dd6e49-1e4a-41ab-82ca-6d15050216b3
7c020b5f-eb02-4cfd-992b-874220d368fa,79fae2cb-e948-49a9-aa44-6bb1d4ea602b,11,4,2026-09-26T13:14:21.006611+00:00,d4a92ae2-6ecd-4043-8b5a-82414c597036,false,,,1,79fae2cb-e948-49a9-aa44-6bb1d4ea602b,false,,false,,,,2,79fae2cb-e948-49a9-aa44-6bb1d4ea602b
c8892f8b-ab06-4dab-aad9-84cc2127ff78,79fae2cb-e948-49a9-aa44-6bb1d4ea602b,12,4,2026-09-26T13:14:21.006611+00:00,d4a92ae2-6ecd-4043-8b5a-82414c597036,false,,,1,79fae2cb-e948-49a9-aa44-6bb1d4ea602b,false,,false,,,,2,79fae2cb-e948-49a9-aa44-6bb1d4ea602b
7d77b3a1-28df-4607-bcb8-cffaa672c408,79fae2cb-e948-49a9-aa44-6bb1d4ea602b,13,3,2026-09-26T13:14:21.006611+00:00,d4a92ae2-6ecd-4043-8b5a-82414c597036,false,,,1,79fae2cb-e948-49a9-aa44-6bb1d4ea602b,false,,false,,,,2,79fae2cb-e948-49a9-aa44-6bb1d4ea602b
fba45758-f8e3-4975-ba3e-01afd4c8efed,39ace5a0-881a-4178-aa2b-2fd274ebc40a,10,6,2026-09-26T13:16:28.372405+00:00,d4a92ae2-6ecd-4043-8b5a-82414c597036,false,,,1,39ace5a0-881a-4178-aa2b-2fd274ebc40a,false,,false,,,,2,39ace5a0-881a-4178-aa2b-2fd274ebc40a
551aba65-ebc3-4f04-a91e-8098b9c80742,39ace5a0-881a-4178-aa2b-2fd274ebc40a,11,5,2026-09-26T13:16:28.372405+00:00,d4a92ae2-6ecd-4043-8b5a-82414c597036,false,,,1,39ace5a0-881a-4178-aa2b-2fd274ebc40a,false,,false,,,,2,39ace5a0-881a-4178-aa2b-2fd274ebc40a
9899a5ac-4152-4ca7-8e49-3f894d95cdbd,39ace5a0-881a-4178-aa2b-2fd274ebc40a,12,3,2026-09-26T13:16:28.372405+00:00,d4a92ae2-6ecd-4043-8b5a-82414c597036,false,,,1,39ace5a0-881a-4178-aa2b-2fd274ebc40a,false,,false,,,,2,39ace5a0-881a-4178-aa2b-2fd274ebc40a
e0fb32d8-bcec-470f-8109-61d2c638028b,39ace5a0-881a-4178-aa2b-2fd274ebc40a,13,3,2026-09-26T13:16:28.372405+00:00,d4a92ae2-6ecd-4043-8b5a-82414c597036,false,,,1,39ace5a0-881a-4178-aa2b-2fd274ebc40a,false,,false,,,,2,39ace5a0-881a-4178-aa2b-2fd274ebc40a
a2c02858-dd40-40bf-b963-48c88aceff87,14e39112-6ce6-4eaf-9b97-097f758789f4,9,4,2026-09-26T13:17:40.5645+00:00,d4a92ae2-6ecd-4043-8b5a-82414c597036,false,,,1,14e39112-6ce6-4eaf-9b97-097f758789f4,false,,false,,,,2,14e39112-6ce6-4eaf-9b97-097f758789f4
cab92d45-2115-4380-baa9-09d6779aaa44,14e39112-6ce6-4eaf-9b97-097f758789f4,10,5,2026-09-26T13:17:40.5645+00:00,d4a92ae2-6ecd-4043-8b5a-82414c597036,false,,,1,14e39112-6ce6-4eaf-9b97-097f758789f4,false,,false,,,,2,14e39112-6ce6-4eaf-9b97-097f758789f4
40b058d1-deb6-4ca8-93aa-88ba1f296b36,14e39112-6ce6-4eaf-9b97-097f758789f4,11,5,2026-09-26T13:17:40.5645+00:00,d4a92ae2-6ecd-4043-8b5a-82414c597036,false,,,1,14e39112-6ce6-4eaf-9b97-097f758789f4,false,,false,,,,2,14e39112-6ce6-4eaf-9b97-097f758789f4
9fba846e-90c2-4612-a31c-54556d0b410f,14e39112-6ce6-4eaf-9b97-097f758789f4,12,4,2026-09-26T13:17:40.5645+00:00,d4a92ae2-6ecd-4043-8b5a-82414c597036,false,,,1,14e39112-6ce6-4eaf-9b97-097f758789f4,false,,false,,,,2,14e39112-6ce6-4eaf-9b97-097f758789f4
a16f5146-61ee-4569-ad4d-a05bf9a5b676,eed4f2ad-d027-443d-9d78-a70e0a3b93a7,10,6,2026-09-26T13:18:19.110719+00:00,d4a92ae2-6ecd-4043-8b5a-82414c597036,false,,,1,eed4f2ad-d027-443d-9d78-a70e0a3b93a7,false,,false,,,,2,eed4f2ad-d027-443d-9d78-a70e0a3b93a7
66aab266-19f0-461e-a726-0d1ba6c0ae3d,eed4f2ad-d027-443d-9d78-a70e0a3b93a7,11,7,2026-09-26T13:18:19.110719+00:00,d4a92ae2-6ecd-4043-8b5a-82414c597036,false,,,1,eed4f2ad-d027-443d-9d78-a70e0a3b93a7,false,,false,,,,2,eed4f2ad-d027-443d-9d78-a70e0a3b93a7
28020e04-dcd2-4ec5-b763-d46e127333b5,eed4f2ad-d027-443d-9d78-a70e0a3b93a7,12,5,2026-09-26T13:18:19.110719+00:00,d4a92ae2-6ecd-4043-8b5a-82414c597036,false,,,1,eed4f2ad-d027-443d-9d78-a70e0a3b93a7,false,,false,,,,2,eed4f2ad-d027-443d-9d78-a70e0a3b93a7
4fc5fe49-7f04-44b6-a73d-3e4716eed37f,eed4f2ad-d027-443d-9d78-a70e0a3b93a7,13,3,2026-09-26T13:18:19.110719+00:00,d4a92ae2-6ecd-4043-8b5a-82414c597036,false,,,1,eed4f2ad-d027-443d-9d78-a70e0a3b93a7,false,,false,,,,2,eed4f2ad-d027-443d-9d78-a70e0a3b93a7
f22f3d38-171c-4347-b842-51ec264b47aa,de28cd8e-9d77-4157-807a-369c938090ab,10,5,2026-09-26T13:25:11.563431+00:00,d4a92ae2-6ecd-4043-8b5a-82414c597036,false,,,1,de28cd8e-9d77-4157-807a-369c938090ab,false,,false,,,,2,de28cd8e-9d77-4157-807a-369c938090ab
3426a800-21b7-473f-9109-62ccbf638b5b,de28cd8e-9d77-4157-807a-369c938090ab,11,5,2026-09-26T13:25:11.563431+00:00,d4a92ae2-6ecd-4043-8b5a-82414c597036,false,,,1,de28cd8e-9d77-4157-807a-369c938090ab,false,,false,,,,2,de28cd8e-9d77-4157-807a-369c938090ab
e103b568-0f7f-4838-a874-3990646e5590,96b9b1f2-6aa1-4ce3-8602-db8885855df9,10,7,2026-09-26T13:39:58.217548+00:00,d4a92ae2-6ecd-4043-8b5a-82414c597036,false,,,1,96b9b1f2-6aa1-4ce3-8602-db8885855df9,false,,false,,,,2,96b9b1f2-6aa1-4ce3-8602-db8885855df9
4b590f09-2cd2-4247-940d-2ff478289d3a,96b9b1f2-6aa1-4ce3-8602-db8885855df9,11,6,2026-09-26T13:39:58.217548+00:00,d4a92ae2-6ecd-4043-8b5a-82414c597036,false,,,1,96b9b1f2-6aa1-4ce3-8602-db8885855df9,false,,false,,,,2,96b9b1f2-6aa1-4ce3-8602-db8885855df9
67170de2-dfbe-4269-bd2e-5595e4ee8134,0b2be1cc-3241-4cfe-9af6-0b92a5582cec,1,6,2026-09-26T13:40:39.404884+00:00,d4a92ae2-6ecd-4043-8b5a-82414c597036,false,,,1,0b2be1cc-3241-4cfe-9af6-0b92a5582cec,false,,false,,,,2,0b2be1cc-3241-4cfe-9af6-0b92a5582cec
bf5405e8-dd51-4a87-aa7d-e0a054e72cbb,0b2be1cc-3241-4cfe-9af6-0b92a5582cec,2,4,2026-09-26T13:40:39.404884+00:00,d4a92ae2-6ecd-4043-8b5a-82414c597036,false,,,1,0b2be1cc-3241-4cfe-9af6-0b92a5582cec,false,,false,,,,2,0b2be1cc-3241-4cfe-9af6-0b92a5582cec
a150a3ab-1c15-4624-a90d-5ec1974b9323,0b2be1cc-3241-4cfe-9af6-0b92a5582cec,3,4,2026-09-26T13:40:39.404884+00:00,d4a92ae2-6ecd-4043-8b5a-82414c597036,false,,,1,0b2be1cc-3241-4cfe-9af6-0b92a5582cec,false,,false,,,,2,0b2be1cc-3241-4cfe-9af6-0b92a5582cec
5dab65e1-3679-4ade-be1e-c75bff10733d,0b2be1cc-3241-4cfe-9af6-0b92a5582cec,4,4,2026-09-26T13:40:39.404884+00:00,d4a92ae2-6ecd-4043-8b5a-82414c597036,false,,,1,0b2be1cc-3241-4cfe-9af6-0b92a5582cec,false,,false,,,,2,0b2be1cc-3241-4cfe-9af6-0b92a5582cec
a747a240-b4ed-4a91-bed3-eab0f50247fc,0b2be1cc-3241-4cfe-9af6-0b92a5582cec,5,3,2026-09-26T13:40:39.404884+00:00,d4a92ae2-6ecd-4043-8b5a-82414c597036,false,,,1,0b2be1cc-3241-4cfe-9af6-0b92a5582cec,false,,false,,,,2,0b2be1cc-3241-4cfe-9af6-0b92a5582cec
ea828514-9868-47d0-af9a-3ffe0eb449c3,b8d0b9c8-feab-494a-b904-713a3ef84e28,9,5,2026-09-26T13:55:13.068582+00:00,d4a92ae2-6ecd-4043-8b5a-82414c597036,false,,,1,b8d0b9c8-feab-494a-b904-713a3ef84e28,false,,false,,,,2,b8d0b9c8-feab-494a-b904-713a3ef84e28
c8d216cd-05d0-45e5-b1e6-bf5b5ed7533d,b8d0b9c8-feab-494a-b904-713a3ef84e28,10,8,2026-09-26T13:55:13.068582+00:00,d4a92ae2-6ecd-4043-8b5a-82414c597036,false,,,1,b8d0b9c8-feab-494a-b904-713a3ef84e28,false,,false,,,,2,b8d0b9c8-feab-494a-b904-713a3ef84e28
82c10bb8-311c-4c90-8d41-c01736ac7396,c374f3e1-3ecb-45dd-a720-996aae83628e,9,8,2026-09-26T13:58:31.831284+00:00,d4a92ae2-6ecd-4043-8b5a-82414c597036,false,,,1,c374f3e1-3ecb-45dd-a720-996aae83628e,false,,false,,,,2,c374f3e1-3ecb-45dd-a720-996aae83628e
94463968-c321-4e95-b298-2f3a8e280e4e,c374f3e1-3ecb-45dd-a720-996aae83628e,10,7,2026-09-26T13:58:31.831284+00:00,d4a92ae2-6ecd-4043-8b5a-82414c597036,false,,,1,c374f3e1-3ecb-45dd-a720-996aae83628e,false,,false,,,,2,c374f3e1-3ecb-45dd-a720-996aae83628e
4bfcc345-7716-43c5-8324-b551c8349b6d,abd869dc-4fb4-4281-ad1f-d5945e769254,1,6,2026-09-27T16:40:20.462349+00:00,d4a92ae2-6ecd-4043-8b5a-82414c597036,false,,,1,abd869dc-4fb4-4281-ad1f-d5945e769254,false,,false,,,,3,abd869dc-4fb4-4281-ad1f-d5945e769254
40bb7cf1-746b-4d53-89f9-a1b369be1133,7db2cb2f-f9ed-41d0-bbd8-502f7a9a2ff3,6,7,2026-09-27T16:42:05.187962+00:00,d4a92ae2-6ecd-4043-8b5a-82414c597036,false,,,1,7db2cb2f-f9ed-41d0-bbd8-502f7a9a2ff3,false,,false,,,,2,7db2cb2f-f9ed-41d0-bbd8-502f7a9a2ff3
a7974a03-0ed5-4c36-8de5-930e2bd4e2b4,fbc1c0c4-2815-4bdb-af5b-c0a7c4ebf642,2,4,2026-09-27T16:43:22.694686+00:00,d4a92ae2-6ecd-4043-8b5a-82414c597036,false,,,1,fbc1c0c4-2815-4bdb-af5b-c0a7c4ebf642,false,,false,,,,1,fbc1c0c4-2815-4bdb-af5b-c0a7c4ebf642
a2d0005c-c8b3-4ec7-8781-a8a35de2f46c,fbc1c0c4-2815-4bdb-af5b-c0a7c4ebf642,3,3,2026-09-27T16:43:22.694686+00:00,d4a92ae2-6ecd-4043-8b5a-82414c597036,false,,,1,fbc1c0c4-2815-4bdb-af5b-c0a7c4ebf642,false,,false,,,,1,fbc1c0c4-2815-4bdb-af5b-c0a7c4ebf642
e2ac8a46-3fd3-4562-a485-40e6e10c3e50,fbc1c0c4-2815-4bdb-af5b-c0a7c4ebf642,4,5,2026-09-27T16:43:22.694686+00:00,d4a92ae2-6ecd-4043-8b5a-82414c597036,false,,,1,fbc1c0c4-2815-4bdb-af5b-c0a7c4ebf642,false,,false,,,,1,fbc1c0c4-2815-4bdb-af5b-c0a7c4ebf642
468d3ff2-00b3-47b6-9220-b6539f34b2b7,fbc1c0c4-2815-4bdb-af5b-c0a7c4ebf642,5,3,2026-09-27T16:43:22.694686+00:00,d4a92ae2-6ecd-4043-8b5a-82414c597036,false,,,1,fbc1c0c4-2815-4bdb-af5b-c0a7c4ebf642,false,,false,,,,1,fbc1c0c4-2815-4bdb-af5b-c0a7c4ebf642
3abe00ad-22dd-44bf-8420-9fb2bcbaf638,fbc1c0c4-2815-4bdb-af5b-c0a7c4ebf642,6,5,2026-09-27T16:43:22.694686+00:00,d4a92ae2-6ecd-4043-8b5a-82414c597036,false,,,1,fbc1c0c4-2815-4bdb-af5b-c0a7c4ebf642,false,,false,,,,1,fbc1c0c4-2815-4bdb-af5b-c0a7c4ebf642
3d770fc0-ceae-407f-b153-66bf119a4179,fbc1c0c4-2815-4bdb-af5b-c0a7c4ebf642,7,5,2026-09-27T16:43:22.694686+00:00,d4a92ae2-6ecd-4043-8b5a-82414c597036,false,,,1,fbc1c0c4-2815-4bdb-af5b-c0a7c4ebf642,false,,false,,,,1,fbc1c0c4-2815-4bdb-af5b-c0a7c4ebf642
2b35244e-a442-4e70-a27f-bef1bf47d5b9,fbc1c0c4-2815-4bdb-af5b-c0a7c4ebf642,8,4,2026-09-27T16:43:22.694686+00:00,d4a92ae2-6ecd-4043-8b5a-82414c597036,false,,,1,fbc1c0c4-2815-4bdb-af5b-c0a7c4ebf642,false,,false,,,,1,fbc1c0c4-2815-4bdb-af5b-c0a7c4ebf642
45824237-44bf-4952-84c0-f645cd54f510,fbc1c0c4-2815-4bdb-af5b-c0a7c4ebf642,9,5,2026-09-27T16:43:22.694686+00:00,d4a92ae2-6ecd-4043-8b5a-82414c597036,false,,,1,fbc1c0c4-2815-4bdb-af5b-c0a7c4ebf642,false,,false,,,,1,fbc1c0c4-2815-4bdb-af5b-c0a7c4ebf642
e6923f7e-95a2-46e3-9731-4acdfef38edc,fbc1c0c4-2815-4bdb-af5b-c0a7c4ebf642,10,5,2026-09-27T16:43:22.694686+00:00,d4a92ae2-6ecd-4043-8b5a-82414c597036,false,,,1,fbc1c0c4-2815-4bdb-af5b-c0a7c4ebf642,false,,false,,,,1,fbc1c0c4-2815-4bdb-af5b-c0a7c4ebf642
4e10b651-e188-44d9-b966-e49329a1e2b2,fbc1c0c4-2815-4bdb-af5b-c0a7c4ebf642,11,5,2026-09-27T16:43:22.694686+00:00,d4a92ae2-6ecd-4043-8b5a-82414c597036,false,,,1,fbc1c0c4-2815-4bdb-af5b-c0a7c4ebf642,false,,false,,,,1,fbc1c0c4-2815-4bdb-af5b-c0a7c4ebf642
d95c84d0-58a5-4b83-8110-e69a1489e8cc,fbc1c0c4-2815-4bdb-af5b-c0a7c4ebf642,12,6,2026-09-27T16:43:22.694686+00:00,d4a92ae2-6ecd-4043-8b5a-82414c597036,false,,,1,fbc1c0c4-2815-4bdb-af5b-c0a7c4ebf642,false,,false,,,,1,fbc1c0c4-2815-4bdb-af5b-c0a7c4ebf642
5d4a097f-7103-42eb-8bc4-c1a50cb60357,fbc1c0c4-2815-4bdb-af5b-c0a7c4ebf642,13,4,2026-09-27T16:43:22.694686+00:00,d4a92ae2-6ecd-4043-8b5a-82414c597036,false,,,1,fbc1c0c4-2815-4bdb-af5b-c0a7c4ebf642,false,,false,,,,1,fbc1c0c4-2815-4bdb-af5b-c0a7c4ebf642
93d5145c-5cc3-4fd8-9f6a-334e59dbbf4e,fbc1c0c4-2815-4bdb-af5b-c0a7c4ebf642,14,4,2026-09-27T16:43:22.694686+00:00,d4a92ae2-6ecd-4043-8b5a-82414c597036,false,,,1,fbc1c0c4-2815-4bdb-af5b-c0a7c4ebf642,false,,false,,,,1,fbc1c0c4-2815-4bdb-af5b-c0a7c4ebf642
8d68a5d8-813f-4a0f-9f60-8d9f4f7971c5,fbc1c0c4-2815-4bdb-af5b-c0a7c4ebf642,15,4,2026-09-27T16:43:22.694686+00:00,d4a92ae2-6ecd-4043-8b5a-82414c597036,false,,,1,fbc1c0c4-2815-4bdb-af5b-c0a7c4ebf642,false,,false,,,,1,fbc1c0c4-2815-4bdb-af5b-c0a7c4ebf642
b5e14ada-09c9-4d63-a851-5044363b77fa,fbc1c0c4-2815-4bdb-af5b-c0a7c4ebf642,16,4,2026-09-27T16:43:22.694686+00:00,d4a92ae2-6ecd-4043-8b5a-82414c597036,false,,,1,fbc1c0c4-2815-4bdb-af5b-c0a7c4ebf642,false,,false,,,,1,fbc1c0c4-2815-4bdb-af5b-c0a7c4ebf642
3a8e7996-7fb2-4d39-86cc-c9191f2b1cbf,fbc1c0c4-2815-4bdb-af5b-c0a7c4ebf642,17,2,2026-09-27T16:43:22.694686+00:00,d4a92ae2-6ecd-4043-8b5a-82414c597036,false,,,1,fbc1c0c4-2815-4bdb-af5b-c0a7c4ebf642,false,,false,,,,1,fbc1c0c4-2815-4bdb-af5b-c0a7c4ebf642
16986d3b-fff4-48d9-a76b-57006d8a6bcf,fbc1c0c4-2815-4bdb-af5b-c0a7c4ebf642,18,5,2026-09-27T16:43:22.694686+00:00,d4a92ae2-6ecd-4043-8b5a-82414c597036,false,,,1,fbc1c0c4-2815-4bdb-af5b-c0a7c4ebf642,false,,false,,,,1,fbc1c0c4-2815-4bdb-af5b-c0a7c4ebf642
63f1694d-9e2d-4ea0-b8b5-66bc39347dad,84a783cc-96d7-494c-9413-5c6075d22010,2,5,2026-09-27T16:43:22.694686+00:00,d4a92ae2-6ecd-4043-8b5a-82414c597036,false,,,1,84a783cc-96d7-494c-9413-5c6075d22010,false,,false,,,,1,84a783cc-96d7-494c-9413-5c6075d22010
ff543d16-b650-49d9-877e-722c0165205c,84a783cc-96d7-494c-9413-5c6075d22010,3,4,2026-09-27T16:43:22.694686+00:00,d4a92ae2-6ecd-4043-8b5a-82414c597036,false,,,1,84a783cc-96d7-494c-9413-5c6075d22010,false,,false,,,,1,84a783cc-96d7-494c-9413-5c6075d22010
62c6ccd8-411b-401b-9b00-a0592d32eba9,84a783cc-96d7-494c-9413-5c6075d22010,4,4,2026-09-27T16:43:22.694686+00:00,d4a92ae2-6ecd-4043-8b5a-82414c597036,false,,,1,84a783cc-96d7-494c-9413-5c6075d22010,false,,false,,,,1,84a783cc-96d7-494c-9413-5c6075d22010
78fb6d53-22e6-46ef-9492-66b3e90de11c,84a783cc-96d7-494c-9413-5c6075d22010,5,4,2026-09-27T16:43:22.694686+00:00,d4a92ae2-6ecd-4043-8b5a-82414c597036,false,,,1,84a783cc-96d7-494c-9413-5c6075d22010,false,,false,,,,1,84a783cc-96d7-494c-9413-5c6075d22010
d1d5bbb8-bc3c-4968-b1f4-d5166240811d,79fae2cb-e948-49a9-aa44-6bb1d4ea602b,14,5,2026-09-26T13:14:21.006611+00:00,d4a92ae2-6ecd-4043-8b5a-82414c597036,false,,,1,79fae2cb-e948-49a9-aa44-6bb1d4ea602b,false,,false,,,,2,79fae2cb-e948-49a9-aa44-6bb1d4ea602b
050ed02f-2619-4abd-bba2-e1f7289e809e,14e39112-6ce6-4eaf-9b97-097f758789f4,14,4,2026-09-26T13:17:40.5645+00:00,d4a92ae2-6ecd-4043-8b5a-82414c597036,false,,,1,14e39112-6ce6-4eaf-9b97-097f758789f4,false,,false,,,,2,14e39112-6ce6-4eaf-9b97-097f758789f4
ba54bcac-145d-4ac5-ab10-f2f804743269,eed4f2ad-d027-443d-9d78-a70e0a3b93a7,14,6,2026-09-26T13:18:19.110719+00:00,d4a92ae2-6ecd-4043-8b5a-82414c597036,false,,,1,eed4f2ad-d027-443d-9d78-a70e0a3b93a7,false,,false,,,,2,eed4f2ad-d027-443d-9d78-a70e0a3b93a7
fa04a923-bde1-490e-831a-004c055cf512,eed4f2ad-d027-443d-9d78-a70e0a3b93a7,15,4,2026-09-26T13:18:19.110719+00:00,d4a92ae2-6ecd-4043-8b5a-82414c597036,false,,,1,eed4f2ad-d027-443d-9d78-a70e0a3b93a7,false,,false,,,,2,eed4f2ad-d027-443d-9d78-a70e0a3b93a7
b0d8fff4-2ebd-4301-93ab-880201ec1635,eed4f2ad-d027-443d-9d78-a70e0a3b93a7,16,8,2026-09-26T13:18:19.110719+00:00,d4a92ae2-6ecd-4043-8b5a-82414c597036,false,,,1,eed4f2ad-d027-443d-9d78-a70e0a3b93a7,false,,false,,,,2,eed4f2ad-d027-443d-9d78-a70e0a3b93a7
bdd06ef8-e6f1-4fa8-8c63-42fd159f15bb,84a783cc-96d7-494c-9413-5c6075d22010,6,5,2026-09-27T16:43:22.694686+00:00,d4a92ae2-6ecd-4043-8b5a-82414c597036,false,,,1,84a783cc-96d7-494c-9413-5c6075d22010,false,,false,,,,1,84a783cc-96d7-494c-9413-5c6075d22010
49ebaa13-37de-42fd-b7be-a0f8571ad05f,84a783cc-96d7-494c-9413-5c6075d22010,7,5,2026-09-27T16:43:22.694686+00:00,d4a92ae2-6ecd-4043-8b5a-82414c597036,false,,,1,84a783cc-96d7-494c-9413-5c6075d22010,false,,false,,,,1,84a783cc-96d7-494c-9413-5c6075d22010
b35a0911-cfef-41fd-9b8e-ca6651ecbe12,84a783cc-96d7-494c-9413-5c6075d22010,8,4,2026-09-27T16:43:22.694686+00:00,d4a92ae2-6ecd-4043-8b5a-82414c597036,false,,,1,84a783cc-96d7-494c-9413-5c6075d22010,false,,false,,,,1,84a783cc-96d7-494c-9413-5c6075d22010
0d720281-7fb5-4375-b5ca-d28e527da979,84a783cc-96d7-494c-9413-5c6075d22010,9,4,2026-09-27T16:43:22.694686+00:00,d4a92ae2-6ecd-4043-8b5a-82414c597036,false,,,1,84a783cc-96d7-494c-9413-5c6075d22010,false,,false,,,,1,84a783cc-96d7-494c-9413-5c6075d22010
49edcb8c-ae80-463b-8fb9-79e3bc73aa74,84a783cc-96d7-494c-9413-5c6075d22010,10,4,2026-09-27T16:43:22.694686+00:00,d4a92ae2-6ecd-4043-8b5a-82414c597036,false,,,1,84a783cc-96d7-494c-9413-5c6075d22010,false,,false,,,,1,84a783cc-96d7-494c-9413-5c6075d22010
4ac0061e-f074-4e45-be84-71d16492cd30,84a783cc-96d7-494c-9413-5c6075d22010,11,6,2026-09-27T16:43:22.694686+00:00,d4a92ae2-6ecd-4043-8b5a-82414c597036,false,,,1,84a783cc-96d7-494c-9413-5c6075d22010,false,,false,,,,1,84a783cc-96d7-494c-9413-5c6075d22010
793e5794-73b8-4f9e-9111-623954908132,de28cd8e-9d77-4157-807a-369c938090ab,12,4,2026-09-26T13:25:11.563431+00:00,d4a92ae2-6ecd-4043-8b5a-82414c597036,false,,,1,de28cd8e-9d77-4157-807a-369c938090ab,false,,false,,,,2,de28cd8e-9d77-4157-807a-369c938090ab
87fed532-9deb-47af-beb9-03ef9ffb2b28,de28cd8e-9d77-4157-807a-369c938090ab,15,4,2026-09-26T13:25:11.563431+00:00,d4a92ae2-6ecd-4043-8b5a-82414c597036,false,,,1,de28cd8e-9d77-4157-807a-369c938090ab,false,,false,,,,2,de28cd8e-9d77-4157-807a-369c938090ab
d2fb8a74-bedf-4353-a8a6-6b2645cdb2a9,84a783cc-96d7-494c-9413-5c6075d22010,12,5,2026-09-27T16:43:22.694686+00:00,d4a92ae2-6ecd-4043-8b5a-82414c597036,false,,,1,84a783cc-96d7-494c-9413-5c6075d22010,false,,false,,,,1,84a783cc-96d7-494c-9413-5c6075d22010
ed93677a-fd38-4c18-b721-e0bab1adff43,84a783cc-96d7-494c-9413-5c6075d22010,13,3,2026-09-27T16:43:22.694686+00:00,d4a92ae2-6ecd-4043-8b5a-82414c597036,false,,,1,84a783cc-96d7-494c-9413-5c6075d22010,false,,false,,,,1,84a783cc-96d7-494c-9413-5c6075d22010
e5134c5d-b9b9-45df-8df6-7f187c502aec,84a783cc-96d7-494c-9413-5c6075d22010,14,6,2026-09-27T16:43:22.694686+00:00,d4a92ae2-6ecd-4043-8b5a-82414c597036,false,,,1,84a783cc-96d7-494c-9413-5c6075d22010,false,,false,,,,1,84a783cc-96d7-494c-9413-5c6075d22010
f9fcba77-3c91-4620-9de1-5ea6913e5cd5,84a783cc-96d7-494c-9413-5c6075d22010,15,5,2026-09-27T16:43:22.694686+00:00,d4a92ae2-6ecd-4043-8b5a-82414c597036,false,,,1,84a783cc-96d7-494c-9413-5c6075d22010,false,,false,,,,1,84a783cc-96d7-494c-9413-5c6075d22010
6d00cf36-267e-4db2-a6c5-e39ef47811a9,84a783cc-96d7-494c-9413-5c6075d22010,16,4,2026-09-27T16:43:22.694686+00:00,d4a92ae2-6ecd-4043-8b5a-82414c597036,false,,,1,84a783cc-96d7-494c-9413-5c6075d22010,false,,false,,,,1,84a783cc-96d7-494c-9413-5c6075d22010
bcb6e406-f5f9-4a0e-be17-e939cdc56b71,84a783cc-96d7-494c-9413-5c6075d22010,17,2,2026-09-27T16:43:22.694686+00:00,d4a92ae2-6ecd-4043-8b5a-82414c597036,false,,,1,84a783cc-96d7-494c-9413-5c6075d22010,false,,false,,,,1,84a783cc-96d7-494c-9413-5c6075d22010
4c1cbcf6-84bb-4a5c-92c2-54bd36e3b338,84a783cc-96d7-494c-9413-5c6075d22010,18,7,2026-09-27T16:43:22.694686+00:00,d4a92ae2-6ecd-4043-8b5a-82414c597036,false,,,1,84a783cc-96d7-494c-9413-5c6075d22010,false,,false,,,,1,84a783cc-96d7-494c-9413-5c6075d22010
c9692faf-e042-4b32-b149-b6487702223c,79fae2cb-e948-49a9-aa44-6bb1d4ea602b,1,5,2026-09-27T16:43:22.694686+00:00,d4a92ae2-6ecd-4043-8b5a-82414c597036,false,,,1,79fae2cb-e948-49a9-aa44-6bb1d4ea602b,false,,false,,,,1,79fae2cb-e948-49a9-aa44-6bb1d4ea602b
0a194792-dd84-4a41-9370-7dd0992f4e37,79fae2cb-e948-49a9-aa44-6bb1d4ea602b,2,5,2026-09-27T16:43:22.694686+00:00,d4a92ae2-6ecd-4043-8b5a-82414c597036,false,,,1,79fae2cb-e948-49a9-aa44-6bb1d4ea602b,false,,false,,,,1,79fae2cb-e948-49a9-aa44-6bb1d4ea602b
b12cfa27-c490-4cdf-b871-0f36d84d7a05,79fae2cb-e948-49a9-aa44-6bb1d4ea602b,3,2,2026-09-27T16:43:22.694686+00:00,d4a92ae2-6ecd-4043-8b5a-82414c597036,false,,,1,79fae2cb-e948-49a9-aa44-6bb1d4ea602b,false,,false,,,,1,79fae2cb-e948-49a9-aa44-6bb1d4ea602b
2f4c35b3-ff9a-4154-80ea-b55fab945362,79fae2cb-e948-49a9-aa44-6bb1d4ea602b,4,4,2026-09-27T16:43:22.694686+00:00,d4a92ae2-6ecd-4043-8b5a-82414c597036,false,,,1,79fae2cb-e948-49a9-aa44-6bb1d4ea602b,false,,false,,,,1,79fae2cb-e948-49a9-aa44-6bb1d4ea602b
b3f26033-00b9-4077-8920-107a1074a03b,79fae2cb-e948-49a9-aa44-6bb1d4ea602b,5,3,2026-09-27T16:43:22.694686+00:00,d4a92ae2-6ecd-4043-8b5a-82414c597036,false,,,1,79fae2cb-e948-49a9-aa44-6bb1d4ea602b,false,,false,,,,1,79fae2cb-e948-49a9-aa44-6bb1d4ea602b
aa8f677a-55c8-48c6-b52c-8f6a03100a7c,79fae2cb-e948-49a9-aa44-6bb1d4ea602b,6,5,2026-09-27T16:43:22.694686+00:00,d4a92ae2-6ecd-4043-8b5a-82414c597036,false,,,1,79fae2cb-e948-49a9-aa44-6bb1d4ea602b,false,,false,,,,1,79fae2cb-e948-49a9-aa44-6bb1d4ea602b
eca79844-049d-47e1-88f4-47bf4b993254,79fae2cb-e948-49a9-aa44-6bb1d4ea602b,7,4,2026-09-27T16:43:22.694686+00:00,d4a92ae2-6ecd-4043-8b5a-82414c597036,false,,,1,79fae2cb-e948-49a9-aa44-6bb1d4ea602b,false,,false,,,,1,79fae2cb-e948-49a9-aa44-6bb1d4ea602b
eea89ac7-342b-4380-914f-1793db85824a,79fae2cb-e948-49a9-aa44-6bb1d4ea602b,8,4,2026-09-27T16:43:22.694686+00:00,d4a92ae2-6ecd-4043-8b5a-82414c597036,false,,,1,79fae2cb-e948-49a9-aa44-6bb1d4ea602b,false,,false,,,,1,79fae2cb-e948-49a9-aa44-6bb1d4ea602b
4628e4d0-ef53-47cd-8fa1-1f11d6e7d7cf,79fae2cb-e948-49a9-aa44-6bb1d4ea602b,9,5,2026-09-27T16:43:22.694686+00:00,d4a92ae2-6ecd-4043-8b5a-82414c597036,false,,,1,79fae2cb-e948-49a9-aa44-6bb1d4ea602b,false,,false,,,,1,79fae2cb-e948-49a9-aa44-6bb1d4ea602b
95ef9499-0cd6-467f-b2f9-fb904dd0a9e8,c374f3e1-3ecb-45dd-a720-996aae83628e,13,6,2026-09-26T13:58:31.831284+00:00,d4a92ae2-6ecd-4043-8b5a-82414c597036,false,,,1,c374f3e1-3ecb-45dd-a720-996aae83628e,false,,false,,,,2,c374f3e1-3ecb-45dd-a720-996aae83628e
9dea10d8-078b-4223-9adc-34fd501369cb,c374f3e1-3ecb-45dd-a720-996aae83628e,17,5,2026-09-26T13:58:31.831284+00:00,d4a92ae2-6ecd-4043-8b5a-82414c597036,false,,,1,c374f3e1-3ecb-45dd-a720-996aae83628e,false,,false,,,,2,c374f3e1-3ecb-45dd-a720-996aae83628e
e77a1b4c-bfae-4da5-9b39-9e8351181e3d,79fae2cb-e948-49a9-aa44-6bb1d4ea602b,10,5,2026-09-27T16:43:22.694686+00:00,d4a92ae2-6ecd-4043-8b5a-82414c597036,false,,,1,79fae2cb-e948-49a9-aa44-6bb1d4ea602b,false,,false,,,,1,79fae2cb-e948-49a9-aa44-6bb1d4ea602b
4f2579c4-6403-47e1-a35f-3c6ade395a2e,79fae2cb-e948-49a9-aa44-6bb1d4ea602b,11,6,2026-09-27T16:43:22.694686+00:00,d4a92ae2-6ecd-4043-8b5a-82414c597036,false,,,1,79fae2cb-e948-49a9-aa44-6bb1d4ea602b,false,,false,,,,1,79fae2cb-e948-49a9-aa44-6bb1d4ea602b
0d48e971-2f54-46d1-a593-969f4e6b6d53,79fae2cb-e948-49a9-aa44-6bb1d4ea602b,12,4,2026-09-27T16:43:22.694686+00:00,d4a92ae2-6ecd-4043-8b5a-82414c597036,false,,,1,79fae2cb-e948-49a9-aa44-6bb1d4ea602b,false,,false,,,,1,79fae2cb-e948-49a9-aa44-6bb1d4ea602b
148fcd46-0104-4193-8cb7-57524a2adecd,79fae2cb-e948-49a9-aa44-6bb1d4ea602b,13,4,2026-09-27T16:43:22.694686+00:00,d4a92ae2-6ecd-4043-8b5a-82414c597036,false,,,1,79fae2cb-e948-49a9-aa44-6bb1d4ea602b,false,,false,,,,1,79fae2cb-e948-49a9-aa44-6bb1d4ea602b
c1e18b03-a063-49d1-851b-891aa411c2a9,79fae2cb-e948-49a9-aa44-6bb1d4ea602b,14,5,2026-09-27T16:43:22.694686+00:00,d4a92ae2-6ecd-4043-8b5a-82414c597036,false,,,1,79fae2cb-e948-49a9-aa44-6bb1d4ea602b,false,,false,,,,1,79fae2cb-e948-49a9-aa44-6bb1d4ea602b
3ae8498e-b5de-4af3-b178-b6b13cd358d1,79fae2cb-e948-49a9-aa44-6bb1d4ea602b,15,3,2026-09-27T16:43:22.694686+00:00,d4a92ae2-6ecd-4043-8b5a-82414c597036,false,,,1,79fae2cb-e948-49a9-aa44-6bb1d4ea602b,false,,false,,,,1,79fae2cb-e948-49a9-aa44-6bb1d4ea602b
e67ceadc-5727-472f-9eed-cd462ed984f2,79fae2cb-e948-49a9-aa44-6bb1d4ea602b,16,4,2026-09-27T16:43:22.694686+00:00,d4a92ae2-6ecd-4043-8b5a-82414c597036,false,,,1,79fae2cb-e948-49a9-aa44-6bb1d4ea602b,false,,false,,,,1,79fae2cb-e948-49a9-aa44-6bb1d4ea602b
6dae580b-ac1e-4626-b84b-768518860da3,79fae2cb-e948-49a9-aa44-6bb1d4ea602b,17,3,2026-09-27T16:43:22.694686+00:00,d4a92ae2-6ecd-4043-8b5a-82414c597036,false,,,1,79fae2cb-e948-49a9-aa44-6bb1d4ea602b,false,,false,,,,1,79fae2cb-e948-49a9-aa44-6bb1d4ea602b
fd779bf7-7ba9-41f9-a27f-0b81f74339b6,08d26a81-b59d-4162-ad72-b07ee5d75c64,2,4,2026-09-27T16:40:20.462349+00:00,d4a92ae2-6ecd-4043-8b5a-82414c597036,false,,,1,08d26a81-b59d-4162-ad72-b07ee5d75c64,false,,false,,,,3,08d26a81-b59d-4162-ad72-b07ee5d75c64
da7d5780-8081-4da1-9c1f-5c96c1bf7549,08d26a81-b59d-4162-ad72-b07ee5d75c64,3,3,2026-09-27T16:40:20.462349+00:00,d4a92ae2-6ecd-4043-8b5a-82414c597036,false,,,1,08d26a81-b59d-4162-ad72-b07ee5d75c64,false,,false,,,,3,08d26a81-b59d-4162-ad72-b07ee5d75c64
cf40d52f-f41d-4c94-beb9-d5f348106dae,08d26a81-b59d-4162-ad72-b07ee5d75c64,4,4,2026-09-27T16:40:20.462349+00:00,d4a92ae2-6ecd-4043-8b5a-82414c597036,false,,,1,08d26a81-b59d-4162-ad72-b07ee5d75c64,false,,false,,,,3,08d26a81-b59d-4162-ad72-b07ee5d75c64
95118544-43a0-4350-bd59-e6d5a37ab261,08d26a81-b59d-4162-ad72-b07ee5d75c64,5,4,2026-09-27T16:40:20.462349+00:00,d4a92ae2-6ecd-4043-8b5a-82414c597036,false,,,1,08d26a81-b59d-4162-ad72-b07ee5d75c64,false,,false,,,,3,08d26a81-b59d-4162-ad72-b07ee5d75c64
1150ccf7-e24c-4ec0-baf9-0b476864f451,abd869dc-4fb4-4281-ad1f-d5945e769254,15,4,2026-09-27T16:40:20.462349+00:00,d4a92ae2-6ecd-4043-8b5a-82414c597036,false,,,1,abd869dc-4fb4-4281-ad1f-d5945e769254,false,,false,,,,3,abd869dc-4fb4-4281-ad1f-d5945e769254
f38f9982-bfae-4dfe-a06e-9b2df3cfea96,abd869dc-4fb4-4281-ad1f-d5945e769254,16,5,2026-09-27T16:40:20.462349+00:00,d4a92ae2-6ecd-4043-8b5a-82414c597036,false,,,1,abd869dc-4fb4-4281-ad1f-d5945e769254,false,,false,,,,3,abd869dc-4fb4-4281-ad1f-d5945e769254
dfd34118-002f-4f9a-83e7-789b35a881ff,abd869dc-4fb4-4281-ad1f-d5945e769254,17,3,2026-09-27T16:40:20.462349+00:00,d4a92ae2-6ecd-4043-8b5a-82414c597036,false,,,1,abd869dc-4fb4-4281-ad1f-d5945e769254,false,,false,,,,3,abd869dc-4fb4-4281-ad1f-d5945e769254
c4eb82db-4c5c-4ee7-929b-99fb8b6c84ac,abd869dc-4fb4-4281-ad1f-d5945e769254,18,5,2026-09-27T16:40:20.462349+00:00,d4a92ae2-6ecd-4043-8b5a-82414c597036,false,,,1,abd869dc-4fb4-4281-ad1f-d5945e769254,false,,false,,,,3,abd869dc-4fb4-4281-ad1f-d5945e769254
73c6534e-bd02-46ed-be89-11857e9b8c90,50dd6e49-1e4a-41ab-82ca-6d15050216b3,6,11,2026-09-27T16:40:20.462349+00:00,d4a92ae2-6ecd-4043-8b5a-82414c597036,false,,,1,50dd6e49-1e4a-41ab-82ca-6d15050216b3,false,,false,,,,3,50dd6e49-1e4a-41ab-82ca-6d15050216b3
d34143eb-8fac-4490-b82e-37a998165931,60d9add6-17ee-430f-a974-1bc5cfa95c84,1,6,2026-09-27T16:42:05.187962+00:00,d4a92ae2-6ecd-4043-8b5a-82414c597036,false,,,1,60d9add6-17ee-430f-a974-1bc5cfa95c84,false,,false,,,,2,60d9add6-17ee-430f-a974-1bc5cfa95c84
25ce407e-9816-43c8-9fa7-3aaed69734f0,60d9add6-17ee-430f-a974-1bc5cfa95c84,2,6,2026-09-27T16:42:05.187962+00:00,d4a92ae2-6ecd-4043-8b5a-82414c597036,false,,,1,60d9add6-17ee-430f-a974-1bc5cfa95c84,false,,false,,,,2,60d9add6-17ee-430f-a974-1bc5cfa95c84
b9aa652f-377e-4cf0-b8ca-03cc387f9c77,60d9add6-17ee-430f-a974-1bc5cfa95c84,3,4,2026-09-27T16:42:05.187962+00:00,d4a92ae2-6ecd-4043-8b5a-82414c597036,false,,,1,60d9add6-17ee-430f-a974-1bc5cfa95c84,false,,false,,,,2,60d9add6-17ee-430f-a974-1bc5cfa95c84
68afa871-1520-419f-bc10-0b9a25c7ad45,60d9add6-17ee-430f-a974-1bc5cfa95c84,4,5,2026-09-27T16:42:05.187962+00:00,d4a92ae2-6ecd-4043-8b5a-82414c597036,false,,,1,60d9add6-17ee-430f-a974-1bc5cfa95c84,false,,false,,,,2,60d9add6-17ee-430f-a974-1bc5cfa95c84
1ac81a72-b48f-4e18-9381-95bbe3bdd939,7db2cb2f-f9ed-41d0-bbd8-502f7a9a2ff3,2,5,2026-09-27T16:42:05.187962+00:00,d4a92ae2-6ecd-4043-8b5a-82414c597036,false,,,1,7db2cb2f-f9ed-41d0-bbd8-502f7a9a2ff3,false,,false,,,,2,7db2cb2f-f9ed-41d0-bbd8-502f7a9a2ff3
1f5c4e5d-ad30-46e9-bf16-209e8aa9082f,7db2cb2f-f9ed-41d0-bbd8-502f7a9a2ff3,3,3,2026-09-27T16:42:05.187962+00:00,d4a92ae2-6ecd-4043-8b5a-82414c597036,false,,,1,7db2cb2f-f9ed-41d0-bbd8-502f7a9a2ff3,false,,false,,,,2,7db2cb2f-f9ed-41d0-bbd8-502f7a9a2ff3
eb57b60f-c221-435c-9ffa-ef4323897d15,7db2cb2f-f9ed-41d0-bbd8-502f7a9a2ff3,4,6,2026-09-27T16:42:05.187962+00:00,d4a92ae2-6ecd-4043-8b5a-82414c597036,false,,,1,7db2cb2f-f9ed-41d0-bbd8-502f7a9a2ff3,false,,false,,,,2,7db2cb2f-f9ed-41d0-bbd8-502f7a9a2ff3
583c2a4a-7c12-4c3e-8a2f-243db5ddcb03,79fae2cb-e948-49a9-aa44-6bb1d4ea602b,18,4,2026-09-27T16:43:22.694686+00:00,d4a92ae2-6ecd-4043-8b5a-82414c597036,false,,,1,79fae2cb-e948-49a9-aa44-6bb1d4ea602b,false,,false,,,,1,79fae2cb-e948-49a9-aa44-6bb1d4ea602b
efbdbca4-7ecc-4074-96c3-9b3beafb8a03,6c31fd00-3f0e-406d-8145-ddca8aad7a11,2,7,2026-09-27T16:43:22.694686+00:00,d4a92ae2-6ecd-4043-8b5a-82414c597036,false,,,1,6c31fd00-3f0e-406d-8145-ddca8aad7a11,false,,false,,,,1,6c31fd00-3f0e-406d-8145-ddca8aad7a11
b9dc836e-3bbc-4886-9907-5e9e84212843,6c31fd00-3f0e-406d-8145-ddca8aad7a11,3,3,2026-09-27T16:43:22.694686+00:00,d4a92ae2-6ecd-4043-8b5a-82414c597036,false,,,1,6c31fd00-3f0e-406d-8145-ddca8aad7a11,false,,false,,,,1,6c31fd00-3f0e-406d-8145-ddca8aad7a11
5c7eddd9-7cd2-4e22-9e38-1144df5fb77d,6c31fd00-3f0e-406d-8145-ddca8aad7a11,4,5,2026-09-27T16:43:22.694686+00:00,d4a92ae2-6ecd-4043-8b5a-82414c597036,false,,,1,6c31fd00-3f0e-406d-8145-ddca8aad7a11,false,,false,,,,1,6c31fd00-3f0e-406d-8145-ddca8aad7a11
6e417423-5940-475e-bc98-ffec6df9a3b9,6c31fd00-3f0e-406d-8145-ddca8aad7a11,5,3,2026-09-27T16:43:22.694686+00:00,d4a92ae2-6ecd-4043-8b5a-82414c597036,false,,,1,6c31fd00-3f0e-406d-8145-ddca8aad7a11,false,,false,,,,1,6c31fd00-3f0e-406d-8145-ddca8aad7a11
2c554e2f-98fa-49fc-a6fe-3a34a172c24e,6c31fd00-3f0e-406d-8145-ddca8aad7a11,6,5,2026-09-27T16:43:22.694686+00:00,d4a92ae2-6ecd-4043-8b5a-82414c597036,false,,,1,6c31fd00-3f0e-406d-8145-ddca8aad7a11,false,,false,,,,1,6c31fd00-3f0e-406d-8145-ddca8aad7a11
2305f1a8-1662-466f-b293-2ba280457d09,6c31fd00-3f0e-406d-8145-ddca8aad7a11,7,5,2026-09-27T16:43:22.694686+00:00,d4a92ae2-6ecd-4043-8b5a-82414c597036,false,,,1,6c31fd00-3f0e-406d-8145-ddca8aad7a11,false,,false,,,,1,6c31fd00-3f0e-406d-8145-ddca8aad7a11
3d1f5987-00ed-420e-a8a9-ca7983185daa,6c31fd00-3f0e-406d-8145-ddca8aad7a11,8,4,2026-09-27T16:43:22.694686+00:00,d4a92ae2-6ecd-4043-8b5a-82414c597036,false,,,1,6c31fd00-3f0e-406d-8145-ddca8aad7a11,false,,false,,,,1,6c31fd00-3f0e-406d-8145-ddca8aad7a11
79e7e750-8572-4e48-a205-f35f8bc371d0,6c31fd00-3f0e-406d-8145-ddca8aad7a11,9,4,2026-09-27T16:43:22.694686+00:00,d4a92ae2-6ecd-4043-8b5a-82414c597036,false,,,1,6c31fd00-3f0e-406d-8145-ddca8aad7a11,false,,false,,,,1,6c31fd00-3f0e-406d-8145-ddca8aad7a11
095c0800-6d74-48ca-ac97-9efa2b303521,6c31fd00-3f0e-406d-8145-ddca8aad7a11,10,5,2026-09-27T16:43:22.694686+00:00,d4a92ae2-6ecd-4043-8b5a-82414c597036,false,,,1,6c31fd00-3f0e-406d-8145-ddca8aad7a11,false,,false,,,,1,6c31fd00-3f0e-406d-8145-ddca8aad7a11
54319d6c-61f9-454f-8020-9ac3c6182cdb,6c31fd00-3f0e-406d-8145-ddca8aad7a11,11,5,2026-09-27T16:43:22.694686+00:00,d4a92ae2-6ecd-4043-8b5a-82414c597036,false,,,1,6c31fd00-3f0e-406d-8145-ddca8aad7a11,false,,false,,,,1,6c31fd00-3f0e-406d-8145-ddca8aad7a11
0b6d849e-6030-4bc8-9f0b-29769f4358b7,9fab0351-ea45-4762-a3b9-4d61ef1d99b9,2,5,2026-09-27T16:43:22.694686+00:00,d4a92ae2-6ecd-4043-8b5a-82414c597036,false,,,1,9fab0351-ea45-4762-a3b9-4d61ef1d99b9,false,,false,,,,1,9fab0351-ea45-4762-a3b9-4d61ef1d99b9
6db660bf-5307-44b4-a4aa-f59880a8420c,6c31fd00-3f0e-406d-8145-ddca8aad7a11,12,4,2026-09-27T16:43:22.694686+00:00,d4a92ae2-6ecd-4043-8b5a-82414c597036,false,,,1,6c31fd00-3f0e-406d-8145-ddca8aad7a11,false,,false,,,,1,6c31fd00-3f0e-406d-8145-ddca8aad7a11
f102d838-5242-42ec-aa3c-d01b620c627c,6c31fd00-3f0e-406d-8145-ddca8aad7a11,13,3,2026-09-27T16:43:22.694686+00:00,d4a92ae2-6ecd-4043-8b5a-82414c597036,false,,,1,6c31fd00-3f0e-406d-8145-ddca8aad7a11,false,,false,,,,1,6c31fd00-3f0e-406d-8145-ddca8aad7a11
ea4f2958-355c-4e75-b6df-70e612f501ff,6c31fd00-3f0e-406d-8145-ddca8aad7a11,14,5,2026-09-27T16:43:22.694686+00:00,d4a92ae2-6ecd-4043-8b5a-82414c597036,false,,,1,6c31fd00-3f0e-406d-8145-ddca8aad7a11,false,,false,,,,1,6c31fd00-3f0e-406d-8145-ddca8aad7a11
3b0bbf17-a454-4113-81f7-6b036610fb73,6c31fd00-3f0e-406d-8145-ddca8aad7a11,15,5,2026-09-27T16:43:22.694686+00:00,d4a92ae2-6ecd-4043-8b5a-82414c597036,false,,,1,6c31fd00-3f0e-406d-8145-ddca8aad7a11,false,,false,,,,1,6c31fd00-3f0e-406d-8145-ddca8aad7a11
c609ad34-7e91-4990-bdc7-086f8ee6f140,6c31fd00-3f0e-406d-8145-ddca8aad7a11,16,4,2026-09-27T16:43:22.694686+00:00,d4a92ae2-6ecd-4043-8b5a-82414c597036,false,,,1,6c31fd00-3f0e-406d-8145-ddca8aad7a11,false,,false,,,,1,6c31fd00-3f0e-406d-8145-ddca8aad7a11
0f695348-19b4-4586-b745-f21b13707bb7,6c31fd00-3f0e-406d-8145-ddca8aad7a11,17,3,2026-09-27T16:43:22.694686+00:00,d4a92ae2-6ecd-4043-8b5a-82414c597036,false,,,1,6c31fd00-3f0e-406d-8145-ddca8aad7a11,false,,false,,,,1,6c31fd00-3f0e-406d-8145-ddca8aad7a11
19abe192-575a-4005-9338-bedb6864abc3,6c31fd00-3f0e-406d-8145-ddca8aad7a11,18,7,2026-09-27T16:43:22.694686+00:00,d4a92ae2-6ecd-4043-8b5a-82414c597036,false,,,1,6c31fd00-3f0e-406d-8145-ddca8aad7a11,false,,false,,,,1,6c31fd00-3f0e-406d-8145-ddca8aad7a11
cfb2b872-4bf6-4295-80c7-ce6b6b9433a5,759b9908-b1f9-40b9-aa6e-6f899daf7bf0,1,5,2026-09-27T16:43:22.694686+00:00,d4a92ae2-6ecd-4043-8b5a-82414c597036,false,,,1,759b9908-b1f9-40b9-aa6e-6f899daf7bf0,false,,false,,,,1,759b9908-b1f9-40b9-aa6e-6f899daf7bf0
91015d10-4bb8-4276-a987-cc3fd3644a70,759b9908-b1f9-40b9-aa6e-6f899daf7bf0,2,5,2026-09-27T16:43:22.694686+00:00,d4a92ae2-6ecd-4043-8b5a-82414c597036,false,,,1,759b9908-b1f9-40b9-aa6e-6f899daf7bf0,false,,false,,,,1,759b9908-b1f9-40b9-aa6e-6f899daf7bf0
2ca6f992-2292-4e5d-9229-31c08883c6ef,759b9908-b1f9-40b9-aa6e-6f899daf7bf0,3,3,2026-09-27T16:43:22.694686+00:00,d4a92ae2-6ecd-4043-8b5a-82414c597036,false,,,1,759b9908-b1f9-40b9-aa6e-6f899daf7bf0,false,,false,,,,1,759b9908-b1f9-40b9-aa6e-6f899daf7bf0
e079d873-f8b3-485f-9762-fc4ad4d797f7,759b9908-b1f9-40b9-aa6e-6f899daf7bf0,4,5,2026-09-27T16:43:22.694686+00:00,d4a92ae2-6ecd-4043-8b5a-82414c597036,false,,,1,759b9908-b1f9-40b9-aa6e-6f899daf7bf0,false,,false,,,,1,759b9908-b1f9-40b9-aa6e-6f899daf7bf0
a278c27b-1fc3-4e12-86a6-b4361703eede,759b9908-b1f9-40b9-aa6e-6f899daf7bf0,5,3,2026-09-27T16:43:22.694686+00:00,d4a92ae2-6ecd-4043-8b5a-82414c597036,false,,,1,759b9908-b1f9-40b9-aa6e-6f899daf7bf0,false,,false,,,,1,759b9908-b1f9-40b9-aa6e-6f899daf7bf0
a95d9eaf-3e95-4eec-bfa9-6fa51bf7bc91,14e39112-6ce6-4eaf-9b97-097f758789f4,16,4,2026-09-26T13:17:40.5645+00:00,d4a92ae2-6ecd-4043-8b5a-82414c597036,false,,,1,14e39112-6ce6-4eaf-9b97-097f758789f4,false,,false,,,,2,14e39112-6ce6-4eaf-9b97-097f758789f4
51979dd0-5562-4be7-becc-ab20b457a07d,14e39112-6ce6-4eaf-9b97-097f758789f4,17,2,2026-09-26T13:17:40.5645+00:00,d4a92ae2-6ecd-4043-8b5a-82414c597036,false,,,1,14e39112-6ce6-4eaf-9b97-097f758789f4,false,,false,,,,2,14e39112-6ce6-4eaf-9b97-097f758789f4
72a43966-103d-447f-a901-7482d8e378c8,759b9908-b1f9-40b9-aa6e-6f899daf7bf0,6,5,2026-09-27T16:43:22.694686+00:00,d4a92ae2-6ecd-4043-8b5a-82414c597036,false,,,1,759b9908-b1f9-40b9-aa6e-6f899daf7bf0,false,,false,,,,1,759b9908-b1f9-40b9-aa6e-6f899daf7bf0
1bc75e34-7461-4033-9402-f05f5154b64c,b8d0b9c8-feab-494a-b904-713a3ef84e28,14,8,2026-09-26T13:55:13.068582+00:00,d4a92ae2-6ecd-4043-8b5a-82414c597036,false,,,1,b8d0b9c8-feab-494a-b904-713a3ef84e28,false,,false,,,,2,b8d0b9c8-feab-494a-b904-713a3ef84e28
92a3f25f-b742-4e4a-9ecd-0a6751357d03,fbc1c0c4-2815-4bdb-af5b-c0a7c4ebf642,13,4,2026-09-27T13:28:51.464722+00:00,d4a92ae2-6ecd-4043-8b5a-82414c597036,false,,,1,fbc1c0c4-2815-4bdb-af5b-c0a7c4ebf642,false,,false,,,,3,fbc1c0c4-2815-4bdb-af5b-c0a7c4ebf642
109b547f-afea-4185-a670-84a28344e8f9,79fae2cb-e948-49a9-aa44-6bb1d4ea602b,12,4,2026-09-27T13:29:01.153437+00:00,d4a92ae2-6ecd-4043-8b5a-82414c597036,false,,,1,79fae2cb-e948-49a9-aa44-6bb1d4ea602b,false,,false,,,,3,79fae2cb-e948-49a9-aa44-6bb1d4ea602b
f147c3ad-b7c2-4f9e-82f5-aaa89d40feb9,b8d0b9c8-feab-494a-b904-713a3ef84e28,18,5,2026-09-26T13:55:13.068582+00:00,d4a92ae2-6ecd-4043-8b5a-82414c597036,false,,,1,b8d0b9c8-feab-494a-b904-713a3ef84e28,false,,false,,,,2,b8d0b9c8-feab-494a-b904-713a3ef84e28
67620a6c-1652-4b79-8c77-a11ecf8939a5,759b9908-b1f9-40b9-aa6e-6f899daf7bf0,7,5,2026-09-27T16:43:22.694686+00:00,d4a92ae2-6ecd-4043-8b5a-82414c597036,false,,,1,759b9908-b1f9-40b9-aa6e-6f899daf7bf0,false,,false,,,,1,759b9908-b1f9-40b9-aa6e-6f899daf7bf0
09977aaf-2c8b-4dd3-b322-da146a81f7a9,759b9908-b1f9-40b9-aa6e-6f899daf7bf0,8,5,2026-09-27T16:43:22.694686+00:00,d4a92ae2-6ecd-4043-8b5a-82414c597036,false,,,1,759b9908-b1f9-40b9-aa6e-6f899daf7bf0,false,,false,,,,1,759b9908-b1f9-40b9-aa6e-6f899daf7bf0
60f7f8df-304f-4e8c-8fdd-f6ca334484ca,759b9908-b1f9-40b9-aa6e-6f899daf7bf0,9,4,2026-09-27T16:43:22.694686+00:00,d4a92ae2-6ecd-4043-8b5a-82414c597036,false,,,1,759b9908-b1f9-40b9-aa6e-6f899daf7bf0,false,,false,,,,1,759b9908-b1f9-40b9-aa6e-6f899daf7bf0
d6518684-6b34-4055-822d-0e9678bebf4c,c374f3e1-3ecb-45dd-a720-996aae83628e,12,5,2026-09-26T13:58:31.831284+00:00,d4a92ae2-6ecd-4043-8b5a-82414c597036,false,,,1,c374f3e1-3ecb-45dd-a720-996aae83628e,false,,false,,,,2,c374f3e1-3ecb-45dd-a720-996aae83628e
b4716881-2ccf-45a3-9cda-fdb553aaa1f3,c374f3e1-3ecb-45dd-a720-996aae83628e,16,6,2026-09-26T13:58:31.831284+00:00,d4a92ae2-6ecd-4043-8b5a-82414c597036,false,,,1,c374f3e1-3ecb-45dd-a720-996aae83628e,false,,false,,,,2,c374f3e1-3ecb-45dd-a720-996aae83628e
1be4cb43-7457-41e6-8148-294b2db195c4,c374f3e1-3ecb-45dd-a720-996aae83628e,18,12,2026-09-26T13:58:31.831284+00:00,d4a92ae2-6ecd-4043-8b5a-82414c597036,false,,,1,c374f3e1-3ecb-45dd-a720-996aae83628e,false,,false,,,,2,c374f3e1-3ecb-45dd-a720-996aae83628e
1625a230-1725-495d-82ff-9ab8a688bbbd,08d26a81-b59d-4162-ad72-b07ee5d75c64,6,7,2026-09-27T16:40:20.462349+00:00,d4a92ae2-6ecd-4043-8b5a-82414c597036,false,,,1,08d26a81-b59d-4162-ad72-b07ee5d75c64,false,,false,,,,3,08d26a81-b59d-4162-ad72-b07ee5d75c64
2c0bc98f-b6c2-4876-846d-480c1c2fc663,08d26a81-b59d-4162-ad72-b07ee5d75c64,1,5,2026-09-27T07:59:01.921239+00:00,d4a92ae2-6ecd-4043-8b5a-82414c597036,false,,,1,08d26a81-b59d-4162-ad72-b07ee5d75c64,false,,false,,,,1,08d26a81-b59d-4162-ad72-b07ee5d75c64
11dab53e-5e92-499e-af75-61c225ecde17,6c31fd00-3f0e-406d-8145-ddca8aad7a11,1,6,2026-09-27T08:07:03.24182+00:00,d4a92ae2-6ecd-4043-8b5a-82414c597036,false,,,1,6c31fd00-3f0e-406d-8145-ddca8aad7a11,false,,false,,,,1,6c31fd00-3f0e-406d-8145-ddca8aad7a11
fac40d99-e4a3-478d-82ca-397f2b3cd5c2,08d26a81-b59d-4162-ad72-b07ee5d75c64,7,6,2026-09-27T16:40:20.462349+00:00,d4a92ae2-6ecd-4043-8b5a-82414c597036,false,,,1,08d26a81-b59d-4162-ad72-b07ee5d75c64,false,,false,,,,3,08d26a81-b59d-4162-ad72-b07ee5d75c64
d81bda17-32b9-4ba8-9933-a467ff6c4069,08d26a81-b59d-4162-ad72-b07ee5d75c64,8,5,2026-09-27T16:40:20.462349+00:00,d4a92ae2-6ecd-4043-8b5a-82414c597036,false,,,1,08d26a81-b59d-4162-ad72-b07ee5d75c64,false,,false,,,,3,08d26a81-b59d-4162-ad72-b07ee5d75c64
771db06a-a459-481c-a078-be7e48910bff,08d26a81-b59d-4162-ad72-b07ee5d75c64,1,5,2026-09-27T12:22:08.963308+00:00,d4a92ae2-6ecd-4043-8b5a-82414c597036,false,,,1,08d26a81-b59d-4162-ad72-b07ee5d75c64,false,,false,,,,3,08d26a81-b59d-4162-ad72-b07ee5d75c64
80401c56-7f51-4cdf-9d30-ddffe9f8269f,50dd6e49-1e4a-41ab-82ca-6d15050216b3,7,5,2026-09-27T16:40:20.462349+00:00,d4a92ae2-6ecd-4043-8b5a-82414c597036,false,,,1,50dd6e49-1e4a-41ab-82ca-6d15050216b3,false,,false,,,,3,50dd6e49-1e4a-41ab-82ca-6d15050216b3
2d36c47a-ecf2-4bdd-b6eb-2b26f6c1d3eb,96b9b1f2-6aa1-4ce3-8602-db8885855df9,3,4,2026-09-27T12:24:13.915564+00:00,d4a92ae2-6ecd-4043-8b5a-82414c597036,false,,,1,96b9b1f2-6aa1-4ce3-8602-db8885855df9,false,,false,,,,3,96b9b1f2-6aa1-4ce3-8602-db8885855df9
526d7175-7f48-4dcc-9cfa-c435e5469fdd,9fab0351-ea45-4762-a3b9-4d61ef1d99b9,2,5,2026-09-27T12:27:32.566573+00:00,d4a92ae2-6ecd-4043-8b5a-82414c597036,false,,,1,9fab0351-ea45-4762-a3b9-4d61ef1d99b9,false,,false,,,,3,9fab0351-ea45-4762-a3b9-4d61ef1d99b9
c5164fbb-21a8-4bbd-9e11-63e096162a0b,50dd6e49-1e4a-41ab-82ca-6d15050216b3,8,7,2026-09-27T16:40:20.462349+00:00,d4a92ae2-6ecd-4043-8b5a-82414c597036,false,,,1,50dd6e49-1e4a-41ab-82ca-6d15050216b3,false,,false,,,,3,50dd6e49-1e4a-41ab-82ca-6d15050216b3
68f4f9ec-16bb-4840-b29f-d69a2f84c7b1,50dd6e49-1e4a-41ab-82ca-6d15050216b3,9,5,2026-09-27T16:40:20.462349+00:00,d4a92ae2-6ecd-4043-8b5a-82414c597036,false,,,1,50dd6e49-1e4a-41ab-82ca-6d15050216b3,false,,false,,,,3,50dd6e49-1e4a-41ab-82ca-6d15050216b3
f6c0378c-39db-4aff-a51b-538b0e9ab9d0,0b2be1cc-3241-4cfe-9af6-0b92a5582cec,1,5,2026-09-27T12:28:19.920558+00:00,d4a92ae2-6ecd-4043-8b5a-82414c597036,false,,,1,0b2be1cc-3241-4cfe-9af6-0b92a5582cec,false,,false,,,,3,0b2be1cc-3241-4cfe-9af6-0b92a5582cec
203e19bb-3009-4b41-bf93-04ce228eaf73,6c31fd00-3f0e-406d-8145-ddca8aad7a11,1,6,2026-09-27T12:28:51.541416+00:00,d4a92ae2-6ecd-4043-8b5a-82414c597036,false,,,1,6c31fd00-3f0e-406d-8145-ddca8aad7a11,false,,false,,,,3,6c31fd00-3f0e-406d-8145-ddca8aad7a11
f78b0bf7-2b6d-4f54-900f-5715524bbcbf,9fab0351-ea45-4762-a3b9-4d61ef1d99b9,1,5,2026-09-27T12:40:37.498648+00:00,d4a92ae2-6ecd-4043-8b5a-82414c597036,false,,,1,9fab0351-ea45-4762-a3b9-4d61ef1d99b9,false,,false,,,,1,9fab0351-ea45-4762-a3b9-4d61ef1d99b9
f9dcee93-5926-421b-b235-4f8e48df1953,eed4f2ad-d027-443d-9d78-a70e0a3b93a7,1,5,2026-09-27T13:01:35.222555+00:00,d4a92ae2-6ecd-4043-8b5a-82414c597036,false,,,1,eed4f2ad-d027-443d-9d78-a70e0a3b93a7,false,,false,,,,3,eed4f2ad-d027-443d-9d78-a70e0a3b93a7
647cd7a6-2935-464d-99e0-49884806b0fc,eed4f2ad-d027-443d-9d78-a70e0a3b93a7,2,5,2026-09-27T13:01:35.222555+00:00,d4a92ae2-6ecd-4043-8b5a-82414c597036,false,,,1,eed4f2ad-d027-443d-9d78-a70e0a3b93a7,false,,false,,,,3,eed4f2ad-d027-443d-9d78-a70e0a3b93a7
677ff567-3cf0-4d28-b769-ff2a641b49cd,c374f3e1-3ecb-45dd-a720-996aae83628e,1,7,2026-09-27T13:11:08.374857+00:00,d4a92ae2-6ecd-4043-8b5a-82414c597036,false,,,1,c374f3e1-3ecb-45dd-a720-996aae83628e,false,,false,,,,1,c374f3e1-3ecb-45dd-a720-996aae83628e
cf01f6a7-ef11-43de-8b40-b24c245b37f4,fbc1c0c4-2815-4bdb-af5b-c0a7c4ebf642,1,6,2026-09-27T13:28:51.464722+00:00,d4a92ae2-6ecd-4043-8b5a-82414c597036,false,,,1,fbc1c0c4-2815-4bdb-af5b-c0a7c4ebf642,false,,false,,,,3,fbc1c0c4-2815-4bdb-af5b-c0a7c4ebf642
86f2a917-baa6-4d7d-9db0-3effa81612fd,fbc1c0c4-2815-4bdb-af5b-c0a7c4ebf642,2,5,2026-09-27T13:28:51.464722+00:00,d4a92ae2-6ecd-4043-8b5a-82414c597036,false,,,1,fbc1c0c4-2815-4bdb-af5b-c0a7c4ebf642,false,,false,,,,3,fbc1c0c4-2815-4bdb-af5b-c0a7c4ebf642
a488c2bb-7103-49e7-8545-af8ffc31ed24,fbc1c0c4-2815-4bdb-af5b-c0a7c4ebf642,3,4,2026-09-27T13:28:51.464722+00:00,d4a92ae2-6ecd-4043-8b5a-82414c597036,false,,,1,fbc1c0c4-2815-4bdb-af5b-c0a7c4ebf642,false,,false,,,,3,fbc1c0c4-2815-4bdb-af5b-c0a7c4ebf642
239d00f6-a8bd-43eb-b251-ea3dabd45338,fbc1c0c4-2815-4bdb-af5b-c0a7c4ebf642,4,5,2026-09-27T13:28:51.464722+00:00,d4a92ae2-6ecd-4043-8b5a-82414c597036,false,,,1,fbc1c0c4-2815-4bdb-af5b-c0a7c4ebf642,false,,false,,,,3,fbc1c0c4-2815-4bdb-af5b-c0a7c4ebf642
f72f8fa5-5e0d-4f2d-a9e7-c4fd44817c9f,fbc1c0c4-2815-4bdb-af5b-c0a7c4ebf642,5,3,2026-09-27T13:28:51.464722+00:00,d4a92ae2-6ecd-4043-8b5a-82414c597036,false,,,1,fbc1c0c4-2815-4bdb-af5b-c0a7c4ebf642,false,,false,,,,3,fbc1c0c4-2815-4bdb-af5b-c0a7c4ebf642
cb889eb1-d957-420f-a88d-8f4f4b30533d,79fae2cb-e948-49a9-aa44-6bb1d4ea602b,1,5,2026-09-27T13:29:01.153437+00:00,d4a92ae2-6ecd-4043-8b5a-82414c597036,false,,,1,79fae2cb-e948-49a9-aa44-6bb1d4ea602b,false,,false,,,,3,79fae2cb-e948-49a9-aa44-6bb1d4ea602b
996acfd9-1518-4529-8784-ea4ed9c44a3b,79fae2cb-e948-49a9-aa44-6bb1d4ea602b,2,4,2026-09-27T13:29:01.153437+00:00,d4a92ae2-6ecd-4043-8b5a-82414c597036,false,,,1,79fae2cb-e948-49a9-aa44-6bb1d4ea602b,false,,false,,,,3,79fae2cb-e948-49a9-aa44-6bb1d4ea602b
17e476e1-ca06-4266-add1-c825432c3e65,c374f3e1-3ecb-45dd-a720-996aae83628e,1,8,2026-09-27T16:42:05.187962+00:00,d4a92ae2-6ecd-4043-8b5a-82414c597036,false,,,1,c374f3e1-3ecb-45dd-a720-996aae83628e,false,,false,,,,2,c374f3e1-3ecb-45dd-a720-996aae83628e
52bb55c6-6b60-4ec5-9d4e-06a8e0ef5bfa,c374f3e1-3ecb-45dd-a720-996aae83628e,2,6,2026-09-27T16:42:05.187962+00:00,d4a92ae2-6ecd-4043-8b5a-82414c597036,false,,,1,c374f3e1-3ecb-45dd-a720-996aae83628e,false,,false,,,,2,c374f3e1-3ecb-45dd-a720-996aae83628e
79733fa0-cf3a-4cfd-a912-6d24aaf12cca,79fae2cb-e948-49a9-aa44-6bb1d4ea602b,3,4,2026-09-27T13:29:01.153437+00:00,d4a92ae2-6ecd-4043-8b5a-82414c597036,false,,,1,79fae2cb-e948-49a9-aa44-6bb1d4ea602b,false,,false,,,,3,79fae2cb-e948-49a9-aa44-6bb1d4ea602b
ee0d8458-4fd0-4021-be9f-5a51509883ca,79fae2cb-e948-49a9-aa44-6bb1d4ea602b,4,5,2026-09-27T13:29:01.153437+00:00,d4a92ae2-6ecd-4043-8b5a-82414c597036,false,,,1,79fae2cb-e948-49a9-aa44-6bb1d4ea602b,false,,false,,,,3,79fae2cb-e948-49a9-aa44-6bb1d4ea602b
d56115c3-43ff-4cd8-89db-2b44d95ea313,c374f3e1-3ecb-45dd-a720-996aae83628e,3,5,2026-09-27T16:42:05.187962+00:00,d4a92ae2-6ecd-4043-8b5a-82414c597036,false,,,1,c374f3e1-3ecb-45dd-a720-996aae83628e,false,,false,,,,2,c374f3e1-3ecb-45dd-a720-996aae83628e
86c37945-7a4a-4f6d-b3f9-69b9c382213c,79fae2cb-e948-49a9-aa44-6bb1d4ea602b,5,4,2026-09-27T13:29:01.153437+00:00,d4a92ae2-6ecd-4043-8b5a-82414c597036,false,,,1,79fae2cb-e948-49a9-aa44-6bb1d4ea602b,false,,false,,,,3,79fae2cb-e948-49a9-aa44-6bb1d4ea602b
6f0baa66-3939-4dda-923a-b5b74531736e,79fae2cb-e948-49a9-aa44-6bb1d4ea602b,6,4,2026-09-27T13:29:01.153437+00:00,d4a92ae2-6ecd-4043-8b5a-82414c597036,false,,,1,79fae2cb-e948-49a9-aa44-6bb1d4ea602b,false,,false,,,,3,79fae2cb-e948-49a9-aa44-6bb1d4ea602b
a495a0ac-a29c-47f6-8229-ed05c88239cd,39ace5a0-881a-4178-aa2b-2fd274ebc40a,1,5,2026-09-27T13:30:22.143271+00:00,d4a92ae2-6ecd-4043-8b5a-82414c597036,false,,,1,39ace5a0-881a-4178-aa2b-2fd274ebc40a,false,,false,,,,3,39ace5a0-881a-4178-aa2b-2fd274ebc40a
ad2b08bf-5666-474f-b692-e7ca00e0f1a8,de28cd8e-9d77-4157-807a-369c938090ab,1,5,2026-09-27T13:30:46.658991+00:00,d4a92ae2-6ecd-4043-8b5a-82414c597036,false,,,1,de28cd8e-9d77-4157-807a-369c938090ab,false,,false,,,,3,de28cd8e-9d77-4157-807a-369c938090ab
e0bf4bb6-a36b-4e11-bce2-b9c1543765fa,de28cd8e-9d77-4157-807a-369c938090ab,2,4,2026-09-27T13:30:46.658991+00:00,d4a92ae2-6ecd-4043-8b5a-82414c597036,false,,,1,de28cd8e-9d77-4157-807a-369c938090ab,false,,false,,,,3,de28cd8e-9d77-4157-807a-369c938090ab
ea5daa43-fce6-4eb8-bb12-3ec9cf9607c4,10f1afa0-aa58-4b13-8d05-4e0b8e462e5f,1,4,2026-09-27T13:35:40.181253+00:00,d4a92ae2-6ecd-4043-8b5a-82414c597036,false,,,1,10f1afa0-aa58-4b13-8d05-4e0b8e462e5f,false,,false,,,,3,10f1afa0-aa58-4b13-8d05-4e0b8e462e5f
e4ef5795-0a8a-4526-b1fe-50e482b4b02c,10f1afa0-aa58-4b13-8d05-4e0b8e462e5f,2,5,2026-09-27T13:35:40.181253+00:00,d4a92ae2-6ecd-4043-8b5a-82414c597036,false,,,1,10f1afa0-aa58-4b13-8d05-4e0b8e462e5f,false,,false,,,,3,10f1afa0-aa58-4b13-8d05-4e0b8e462e5f
e2575259-867c-4417-b7df-3d8a217c2943,16bbde86-be42-4588-bf60-d2798fec823b,1,5,2026-09-27T13:36:08.493477+00:00,d4a92ae2-6ecd-4043-8b5a-82414c597036,false,,,1,16bbde86-be42-4588-bf60-d2798fec823b,false,,false,,,,3,16bbde86-be42-4588-bf60-d2798fec823b
8e43bf71-4b76-4133-98d9-d1e5ae616924,50dd6e49-1e4a-41ab-82ca-6d15050216b3,1,7,2026-09-27T11:06:03.758042+00:00,d4a92ae2-6ecd-4043-8b5a-82414c597036,false,,,1,50dd6e49-1e4a-41ab-82ca-6d15050216b3,false,,false,,,,3,50dd6e49-1e4a-41ab-82ca-6d15050216b3
94015303-33e2-4997-847a-7e369885d1bf,f42128ff-96ff-4c07-8ad5-c344d9767135,1,6,2026-09-27T11:06:26.817316+00:00,d4a92ae2-6ecd-4043-8b5a-82414c597036,false,,,1,f42128ff-96ff-4c07-8ad5-c344d9767135,false,,false,,,,3,f42128ff-96ff-4c07-8ad5-c344d9767135
398d32f1-5a20-4738-a509-7252b0622e1e,7db2cb2f-f9ed-41d0-bbd8-502f7a9a2ff3,1,6,2026-09-27T11:07:01.346867+00:00,d4a92ae2-6ecd-4043-8b5a-82414c597036,false,,,1,7db2cb2f-f9ed-41d0-bbd8-502f7a9a2ff3,false,,false,,,,3,7db2cb2f-f9ed-41d0-bbd8-502f7a9a2ff3
e94247ae-4c28-452e-9aa3-c14e1933cc45,b64c96a6-6bd0-461d-9f68-f49865e53db5,1,6,2026-09-27T11:12:18.264746+00:00,d4a92ae2-6ecd-4043-8b5a-82414c597036,false,,,1,b64c96a6-6bd0-461d-9f68-f49865e53db5,false,,false,,,,3,b64c96a6-6bd0-461d-9f68-f49865e53db5
39beb84c-bdfc-476f-9253-2e39aa6c8678,60d9add6-17ee-430f-a974-1bc5cfa95c84,1,6,2026-09-27T11:19:09.195475+00:00,d4a92ae2-6ecd-4043-8b5a-82414c597036,false,,,1,60d9add6-17ee-430f-a974-1bc5cfa95c84,false,,false,,,,3,60d9add6-17ee-430f-a974-1bc5cfa95c84
de101c35-86bb-4637-99ba-a869bc1b8377,60d9add6-17ee-430f-a974-1bc5cfa95c84,2,6,2026-09-27T11:19:09.195475+00:00,d4a92ae2-6ecd-4043-8b5a-82414c597036,false,,,1,60d9add6-17ee-430f-a974-1bc5cfa95c84,false,,false,,,,3,60d9add6-17ee-430f-a974-1bc5cfa95c84
b2536e2f-e2e5-46b7-835a-70c3fd6105aa,2c5f4c05-03c1-4d64-960d-4e7b3c33c949,1,6,2026-09-27T11:19:23.091685+00:00,d4a92ae2-6ecd-4043-8b5a-82414c597036,false,,,1,2c5f4c05-03c1-4d64-960d-4e7b3c33c949,false,,false,,,,3,2c5f4c05-03c1-4d64-960d-4e7b3c33c949
eed8d7c0-63b9-4271-a2c1-11803cb10829,2c5f4c05-03c1-4d64-960d-4e7b3c33c949,2,4,2026-09-27T11:19:23.091685+00:00,d4a92ae2-6ecd-4043-8b5a-82414c597036,false,,,1,2c5f4c05-03c1-4d64-960d-4e7b3c33c949,false,,false,,,,3,2c5f4c05-03c1-4d64-960d-4e7b3c33c949
40ceac03-7962-4f95-b45e-f87e03700ffe,2c5f4c05-03c1-4d64-960d-4e7b3c33c949,3,5,2026-09-27T11:19:23.091685+00:00,d4a92ae2-6ecd-4043-8b5a-82414c597036,false,,,1,2c5f4c05-03c1-4d64-960d-4e7b3c33c949,false,,false,,,,3,2c5f4c05-03c1-4d64-960d-4e7b3c33c949
a5e3e061-8d6a-443c-91a7-d5bce256b93f,759b9908-b1f9-40b9-aa6e-6f899daf7bf0,10,6,2026-09-27T16:43:22.694686+00:00,d4a92ae2-6ecd-4043-8b5a-82414c597036,false,,,1,759b9908-b1f9-40b9-aa6e-6f899daf7bf0,false,,false,,,,1,759b9908-b1f9-40b9-aa6e-6f899daf7bf0
adab8e38-d5f8-43be-965f-4b44091084d8,759b9908-b1f9-40b9-aa6e-6f899daf7bf0,11,5,2026-09-27T16:43:22.694686+00:00,d4a92ae2-6ecd-4043-8b5a-82414c597036,false,,,1,759b9908-b1f9-40b9-aa6e-6f899daf7bf0,false,,false,,,,1,759b9908-b1f9-40b9-aa6e-6f899daf7bf0
76c88ebd-55a4-4902-8f86-9f62b3a994e7,759b9908-b1f9-40b9-aa6e-6f899daf7bf0,12,4,2026-09-27T16:43:22.694686+00:00,d4a92ae2-6ecd-4043-8b5a-82414c597036,false,,,1,759b9908-b1f9-40b9-aa6e-6f899daf7bf0,false,,false,,,,1,759b9908-b1f9-40b9-aa6e-6f899daf7bf0
8d7637e4-686d-48c0-bb02-24737e553678,759b9908-b1f9-40b9-aa6e-6f899daf7bf0,13,5,2026-09-27T16:43:22.694686+00:00,d4a92ae2-6ecd-4043-8b5a-82414c597036,false,,,1,759b9908-b1f9-40b9-aa6e-6f899daf7bf0,false,,false,,,,1,759b9908-b1f9-40b9-aa6e-6f899daf7bf0
daf96145-f7df-4757-ae5e-b420193d351e,759b9908-b1f9-40b9-aa6e-6f899daf7bf0,14,4,2026-09-27T16:43:22.694686+00:00,d4a92ae2-6ecd-4043-8b5a-82414c597036,false,,,1,759b9908-b1f9-40b9-aa6e-6f899daf7bf0,false,,false,,,,1,759b9908-b1f9-40b9-aa6e-6f899daf7bf0
5c504d17-7d54-465f-bae7-1c90d545723c,759b9908-b1f9-40b9-aa6e-6f899daf7bf0,1,6,2026-09-27T13:00:55.988513+00:00,d4a92ae2-6ecd-4043-8b5a-82414c597036,false,,,1,759b9908-b1f9-40b9-aa6e-6f899daf7bf0,false,,false,,,,3,759b9908-b1f9-40b9-aa6e-6f899daf7bf0
3f4a8851-8f02-4fbd-b796-1ef509e0dfef,fbc1c0c4-2815-4bdb-af5b-c0a7c4ebf642,6,5,2026-09-27T13:28:51.464722+00:00,d4a92ae2-6ecd-4043-8b5a-82414c597036,false,,,1,fbc1c0c4-2815-4bdb-af5b-c0a7c4ebf642,false,,false,,,,3,fbc1c0c4-2815-4bdb-af5b-c0a7c4ebf642
bedecdd4-61c7-4521-b252-83b422f01091,79fae2cb-e948-49a9-aa44-6bb1d4ea602b,7,4,2026-09-27T13:29:01.153437+00:00,d4a92ae2-6ecd-4043-8b5a-82414c597036,false,,,1,79fae2cb-e948-49a9-aa44-6bb1d4ea602b,false,,false,,,,3,79fae2cb-e948-49a9-aa44-6bb1d4ea602b
4645a066-1e1b-4c35-9785-ff2d96d612b9,08d26a81-b59d-4162-ad72-b07ee5d75c64,9,6,2026-09-27T16:40:20.462349+00:00,d4a92ae2-6ecd-4043-8b5a-82414c597036,false,,,1,08d26a81-b59d-4162-ad72-b07ee5d75c64,false,,false,,,,3,08d26a81-b59d-4162-ad72-b07ee5d75c64
f6eed32e-1fa8-4d42-9ea6-62bd656d2c7c,79fae2cb-e948-49a9-aa44-6bb1d4ea602b,8,4,2026-09-27T13:29:01.153437+00:00,d4a92ae2-6ecd-4043-8b5a-82414c597036,false,,,1,79fae2cb-e948-49a9-aa44-6bb1d4ea602b,false,,false,,,,3,79fae2cb-e948-49a9-aa44-6bb1d4ea602b
59d58987-076b-456d-98ca-b40939ab3e50,79fae2cb-e948-49a9-aa44-6bb1d4ea602b,9,5,2026-09-27T13:29:01.153437+00:00,d4a92ae2-6ecd-4043-8b5a-82414c597036,false,,,1,79fae2cb-e948-49a9-aa44-6bb1d4ea602b,false,,false,,,,3,79fae2cb-e948-49a9-aa44-6bb1d4ea602b
c85a8b34-9325-43f9-ab70-58c6c6f729e1,08d26a81-b59d-4162-ad72-b07ee5d75c64,10,8,2026-09-27T16:40:20.462349+00:00,d4a92ae2-6ecd-4043-8b5a-82414c597036,false,,,1,08d26a81-b59d-4162-ad72-b07ee5d75c64,false,,false,,,,3,08d26a81-b59d-4162-ad72-b07ee5d75c64
60fc5a75-4a83-4057-a907-ac0e7952f024,79fae2cb-e948-49a9-aa44-6bb1d4ea602b,10,5,2026-09-27T13:29:01.153437+00:00,d4a92ae2-6ecd-4043-8b5a-82414c597036,false,,,1,79fae2cb-e948-49a9-aa44-6bb1d4ea602b,false,,false,,,,3,79fae2cb-e948-49a9-aa44-6bb1d4ea602b
15cd054d-9802-4680-8c05-387a1a3c90d5,10f1afa0-aa58-4b13-8d05-4e0b8e462e5f,3,4,2026-09-27T13:35:40.181253+00:00,d4a92ae2-6ecd-4043-8b5a-82414c597036,false,,,1,10f1afa0-aa58-4b13-8d05-4e0b8e462e5f,false,,false,,,,3,10f1afa0-aa58-4b13-8d05-4e0b8e462e5f
621b3267-f248-41a8-8792-3844e1506664,10f1afa0-aa58-4b13-8d05-4e0b8e462e5f,4,4,2026-09-27T13:35:40.181253+00:00,d4a92ae2-6ecd-4043-8b5a-82414c597036,false,,,1,10f1afa0-aa58-4b13-8d05-4e0b8e462e5f,false,,false,,,,3,10f1afa0-aa58-4b13-8d05-4e0b8e462e5f
4904ea66-3716-41ec-b9fe-f1e584c81bc4,16bbde86-be42-4588-bf60-d2798fec823b,2,4,2026-09-27T13:36:08.493477+00:00,d4a92ae2-6ecd-4043-8b5a-82414c597036,false,,,1,16bbde86-be42-4588-bf60-d2798fec823b,false,,false,,,,3,16bbde86-be42-4588-bf60-d2798fec823b
db7440b6-4d3c-4ec1-8532-5ee714ce2bc0,16bbde86-be42-4588-bf60-d2798fec823b,3,3,2026-09-27T13:36:08.493477+00:00,d4a92ae2-6ecd-4043-8b5a-82414c597036,false,,,1,16bbde86-be42-4588-bf60-d2798fec823b,false,,false,,,,3,16bbde86-be42-4588-bf60-d2798fec823b
1b6e2c56-5bea-4b15-93ed-e37fde02d72d,08d26a81-b59d-4162-ad72-b07ee5d75c64,11,7,2026-09-27T16:40:20.462349+00:00,d4a92ae2-6ecd-4043-8b5a-82414c597036,false,,,1,08d26a81-b59d-4162-ad72-b07ee5d75c64,false,,false,,,,3,08d26a81-b59d-4162-ad72-b07ee5d75c64
83360704-3a39-445e-a3b3-fd007bec03cf,08d26a81-b59d-4162-ad72-b07ee5d75c64,12,6,2026-09-27T16:40:20.462349+00:00,d4a92ae2-6ecd-4043-8b5a-82414c597036,false,,,1,08d26a81-b59d-4162-ad72-b07ee5d75c64,false,,false,,,,3,08d26a81-b59d-4162-ad72-b07ee5d75c64
144e765b-e739-43d3-9a99-c104d3fa6fae,08d26a81-b59d-4162-ad72-b07ee5d75c64,13,3,2026-09-27T16:40:20.462349+00:00,d4a92ae2-6ecd-4043-8b5a-82414c597036,false,,,1,08d26a81-b59d-4162-ad72-b07ee5d75c64,false,,false,,,,3,08d26a81-b59d-4162-ad72-b07ee5d75c64
9b5c521d-583f-403a-9ebc-0c9f45596a2b,759b9908-b1f9-40b9-aa6e-6f899daf7bf0,15,6,2026-09-27T16:43:22.694686+00:00,d4a92ae2-6ecd-4043-8b5a-82414c597036,false,,,1,759b9908-b1f9-40b9-aa6e-6f899daf7bf0,false,,false,,,,1,759b9908-b1f9-40b9-aa6e-6f899daf7bf0
74a319b7-f16e-4a84-b1c8-c93b39629f30,759b9908-b1f9-40b9-aa6e-6f899daf7bf0,16,4,2026-09-27T16:43:22.694686+00:00,d4a92ae2-6ecd-4043-8b5a-82414c597036,false,,,1,759b9908-b1f9-40b9-aa6e-6f899daf7bf0,false,,false,,,,1,759b9908-b1f9-40b9-aa6e-6f899daf7bf0
cc072b4f-5a04-4eda-b08c-1d8c9a6de4c8,759b9908-b1f9-40b9-aa6e-6f899daf7bf0,17,3,2026-09-27T16:43:22.694686+00:00,d4a92ae2-6ecd-4043-8b5a-82414c597036,false,,,1,759b9908-b1f9-40b9-aa6e-6f899daf7bf0,false,,false,,,,1,759b9908-b1f9-40b9-aa6e-6f899daf7bf0
f851dd43-9ee9-49b2-9b9b-87e144b5023a,759b9908-b1f9-40b9-aa6e-6f899daf7bf0,18,5,2026-09-27T16:43:22.694686+00:00,d4a92ae2-6ecd-4043-8b5a-82414c597036,false,,,1,759b9908-b1f9-40b9-aa6e-6f899daf7bf0,false,,false,,,,1,759b9908-b1f9-40b9-aa6e-6f899daf7bf0
35b618c7-134b-4def-97ad-088182ae6710,eed4f2ad-d027-443d-9d78-a70e0a3b93a7,1,4,2026-09-27T16:43:22.694686+00:00,d4a92ae2-6ecd-4043-8b5a-82414c597036,false,,,1,eed4f2ad-d027-443d-9d78-a70e0a3b93a7,false,,false,,,,1,eed4f2ad-d027-443d-9d78-a70e0a3b93a7
dea2ea83-86f4-4be3-ba2a-0eefbb58ddcb,eed4f2ad-d027-443d-9d78-a70e0a3b93a7,2,3,2026-09-27T16:43:22.694686+00:00,d4a92ae2-6ecd-4043-8b5a-82414c597036,false,,,1,eed4f2ad-d027-443d-9d78-a70e0a3b93a7,false,,false,,,,1,eed4f2ad-d027-443d-9d78-a70e0a3b93a7
3823fbd8-123a-4bd9-914c-34bd9a3389ea,eed4f2ad-d027-443d-9d78-a70e0a3b93a7,3,3,2026-09-27T16:43:22.694686+00:00,d4a92ae2-6ecd-4043-8b5a-82414c597036,false,,,1,eed4f2ad-d027-443d-9d78-a70e0a3b93a7,false,,false,,,,1,eed4f2ad-d027-443d-9d78-a70e0a3b93a7
9da7f5c3-8ef0-4007-9ce2-6d2a146346ea,eed4f2ad-d027-443d-9d78-a70e0a3b93a7,4,4,2026-09-27T16:43:22.694686+00:00,d4a92ae2-6ecd-4043-8b5a-82414c597036,false,,,1,eed4f2ad-d027-443d-9d78-a70e0a3b93a7,false,,false,,,,1,eed4f2ad-d027-443d-9d78-a70e0a3b93a7
7cb99d07-0634-491a-b96a-62d0a2f09546,eed4f2ad-d027-443d-9d78-a70e0a3b93a7,5,4,2026-09-27T16:43:22.694686+00:00,d4a92ae2-6ecd-4043-8b5a-82414c597036,false,,,1,eed4f2ad-d027-443d-9d78-a70e0a3b93a7,false,,false,,,,1,eed4f2ad-d027-443d-9d78-a70e0a3b93a7
73a247c1-2ccd-4dc2-b2fc-91afd717ca7f,eed4f2ad-d027-443d-9d78-a70e0a3b93a7,6,5,2026-09-27T16:43:22.694686+00:00,d4a92ae2-6ecd-4043-8b5a-82414c597036,false,,,1,eed4f2ad-d027-443d-9d78-a70e0a3b93a7,false,,false,,,,1,eed4f2ad-d027-443d-9d78-a70e0a3b93a7
2d1c15ee-880e-480a-a15b-a1db2cdb009f,eed4f2ad-d027-443d-9d78-a70e0a3b93a7,7,5,2026-09-27T16:43:22.694686+00:00,d4a92ae2-6ecd-4043-8b5a-82414c597036,false,,,1,eed4f2ad-d027-443d-9d78-a70e0a3b93a7,false,,false,,,,1,eed4f2ad-d027-443d-9d78-a70e0a3b93a7
71d90997-e1ba-4924-bf8a-05dabc98e30c,eed4f2ad-d027-443d-9d78-a70e0a3b93a7,8,4,2026-09-27T16:43:22.694686+00:00,d4a92ae2-6ecd-4043-8b5a-82414c597036,false,,,1,eed4f2ad-d027-443d-9d78-a70e0a3b93a7,false,,false,,,,1,eed4f2ad-d027-443d-9d78-a70e0a3b93a7
84ae84e3-f3d2-4e67-9daa-aacc6e595e79,eed4f2ad-d027-443d-9d78-a70e0a3b93a7,9,5,2026-09-27T16:43:22.694686+00:00,d4a92ae2-6ecd-4043-8b5a-82414c597036,false,,,1,eed4f2ad-d027-443d-9d78-a70e0a3b93a7,false,,false,,,,1,eed4f2ad-d027-443d-9d78-a70e0a3b93a7
6302f07e-daef-41f9-a333-e651daaf4d12,eed4f2ad-d027-443d-9d78-a70e0a3b93a7,10,6,2026-09-27T16:43:22.694686+00:00,d4a92ae2-6ecd-4043-8b5a-82414c597036,false,,,1,eed4f2ad-d027-443d-9d78-a70e0a3b93a7,false,,false,,,,1,eed4f2ad-d027-443d-9d78-a70e0a3b93a7
54a57045-d3ee-400d-b830-0af4c8646c01,eed4f2ad-d027-443d-9d78-a70e0a3b93a7,11,5,2026-09-27T16:43:22.694686+00:00,d4a92ae2-6ecd-4043-8b5a-82414c597036,false,,,1,eed4f2ad-d027-443d-9d78-a70e0a3b93a7,false,,false,,,,1,eed4f2ad-d027-443d-9d78-a70e0a3b93a7
9324c153-95ea-4940-ac5c-56fbfa5031d0,eed4f2ad-d027-443d-9d78-a70e0a3b93a7,12,4,2026-09-27T16:43:22.694686+00:00,d4a92ae2-6ecd-4043-8b5a-82414c597036,false,,,1,eed4f2ad-d027-443d-9d78-a70e0a3b93a7,false,,false,,,,1,eed4f2ad-d027-443d-9d78-a70e0a3b93a7
36415194-74f8-4716-a2e0-4e87cddc818a,eed4f2ad-d027-443d-9d78-a70e0a3b93a7,13,3,2026-09-27T16:43:22.694686+00:00,d4a92ae2-6ecd-4043-8b5a-82414c597036,false,,,1,eed4f2ad-d027-443d-9d78-a70e0a3b93a7,false,,false,,,,1,eed4f2ad-d027-443d-9d78-a70e0a3b93a7
fde0ce92-6d60-4ccc-9879-f91b783801bd,eed4f2ad-d027-443d-9d78-a70e0a3b93a7,14,5,2026-09-27T16:43:22.694686+00:00,d4a92ae2-6ecd-4043-8b5a-82414c597036,false,,,1,eed4f2ad-d027-443d-9d78-a70e0a3b93a7,false,,false,,,,1,eed4f2ad-d027-443d-9d78-a70e0a3b93a7
8d64591e-12fc-48df-a1e3-dc2d15792946,eed4f2ad-d027-443d-9d78-a70e0a3b93a7,15,4,2026-09-27T16:43:22.694686+00:00,d4a92ae2-6ecd-4043-8b5a-82414c597036,false,,,1,eed4f2ad-d027-443d-9d78-a70e0a3b93a7,false,,false,,,,1,eed4f2ad-d027-443d-9d78-a70e0a3b93a7
cd209d97-eb59-4ff9-943b-3b3775aff28b,eed4f2ad-d027-443d-9d78-a70e0a3b93a7,16,3,2026-09-27T16:43:22.694686+00:00,d4a92ae2-6ecd-4043-8b5a-82414c597036,false,,,1,eed4f2ad-d027-443d-9d78-a70e0a3b93a7,false,,false,,,,1,eed4f2ad-d027-443d-9d78-a70e0a3b93a7
77d2dab7-2422-4fa3-b3d5-cefea5475c7f,eed4f2ad-d027-443d-9d78-a70e0a3b93a7,17,3,2026-09-27T16:43:22.694686+00:00,d4a92ae2-6ecd-4043-8b5a-82414c597036,false,,,1,eed4f2ad-d027-443d-9d78-a70e0a3b93a7,false,,false,,,,1,eed4f2ad-d027-443d-9d78-a70e0a3b93a7
3bd12591-194d-4283-9273-d51079efa443,eed4f2ad-d027-443d-9d78-a70e0a3b93a7,18,6,2026-09-27T16:43:22.694686+00:00,d4a92ae2-6ecd-4043-8b5a-82414c597036,false,,,1,eed4f2ad-d027-443d-9d78-a70e0a3b93a7,false,,false,,,,1,eed4f2ad-d027-443d-9d78-a70e0a3b93a7
28f1012d-a9e0-417b-8072-7475a10e8eb5,08d26a81-b59d-4162-ad72-b07ee5d75c64,2,7,2026-09-27T16:43:22.694686+00:00,d4a92ae2-6ecd-4043-8b5a-82414c597036,false,,,1,08d26a81-b59d-4162-ad72-b07ee5d75c64,false,,false,,,,1,08d26a81-b59d-4162-ad72-b07ee5d75c64
be79d650-6a42-4629-aff2-ed1e135272a9,08d26a81-b59d-4162-ad72-b07ee5d75c64,3,3,2026-09-27T16:43:22.694686+00:00,d4a92ae2-6ecd-4043-8b5a-82414c597036,false,,,1,08d26a81-b59d-4162-ad72-b07ee5d75c64,false,,false,,,,1,08d26a81-b59d-4162-ad72-b07ee5d75c64
fc1adf28-01b7-4811-9584-d7411c4bc89b,08d26a81-b59d-4162-ad72-b07ee5d75c64,4,5,2026-09-27T16:43:22.694686+00:00,d4a92ae2-6ecd-4043-8b5a-82414c597036,false,,,1,08d26a81-b59d-4162-ad72-b07ee5d75c64,false,,false,,,,1,08d26a81-b59d-4162-ad72-b07ee5d75c64
06c4eb35-8d5e-4c50-b9c0-bfaccac7fdab,08d26a81-b59d-4162-ad72-b07ee5d75c64,5,3,2026-09-27T16:43:22.694686+00:00,d4a92ae2-6ecd-4043-8b5a-82414c597036,false,,,1,08d26a81-b59d-4162-ad72-b07ee5d75c64,false,,false,,,,1,08d26a81-b59d-4162-ad72-b07ee5d75c64
83ff1634-1bc8-463f-a844-a0eff35061fd,08d26a81-b59d-4162-ad72-b07ee5d75c64,6,6,2026-09-27T16:43:22.694686+00:00,d4a92ae2-6ecd-4043-8b5a-82414c597036,false,,,1,08d26a81-b59d-4162-ad72-b07ee5d75c64,false,,false,,,,1,08d26a81-b59d-4162-ad72-b07ee5d75c64
1750ba44-6e74-43bf-a42c-371b3d282012,08d26a81-b59d-4162-ad72-b07ee5d75c64,7,5,2026-09-27T16:43:22.694686+00:00,d4a92ae2-6ecd-4043-8b5a-82414c597036,false,,,1,08d26a81-b59d-4162-ad72-b07ee5d75c64,false,,false,,,,1,08d26a81-b59d-4162-ad72-b07ee5d75c64
0a472fcb-b0e9-44e9-983d-05313f71863e,f42128ff-96ff-4c07-8ad5-c344d9767135,2,6,2026-09-27T11:06:26.817316+00:00,d4a92ae2-6ecd-4043-8b5a-82414c597036,false,,,1,f42128ff-96ff-4c07-8ad5-c344d9767135,false,,false,,,,3,f42128ff-96ff-4c07-8ad5-c344d9767135
ef3c4450-510b-43a6-a0ac-0909e82d5856,2c5f4c05-03c1-4d64-960d-4e7b3c33c949,5,3,2026-09-27T11:19:23.091685+00:00,d4a92ae2-6ecd-4043-8b5a-82414c597036,false,,,1,2c5f4c05-03c1-4d64-960d-4e7b3c33c949,false,,false,,,,3,2c5f4c05-03c1-4d64-960d-4e7b3c33c949
87abd440-fe4e-490e-9867-676ac4d70843,2c5f4c05-03c1-4d64-960d-4e7b3c33c949,6,5,2026-09-27T11:19:23.091685+00:00,d4a92ae2-6ecd-4043-8b5a-82414c597036,false,,,1,2c5f4c05-03c1-4d64-960d-4e7b3c33c949,false,,false,,,,3,2c5f4c05-03c1-4d64-960d-4e7b3c33c949
dd0c3407-a4b4-4513-9dfd-a2477211818e,2c5f4c05-03c1-4d64-960d-4e7b3c33c949,7,5,2026-09-27T11:19:23.091685+00:00,d4a92ae2-6ecd-4043-8b5a-82414c597036,false,,,1,2c5f4c05-03c1-4d64-960d-4e7b3c33c949,false,,false,,,,3,2c5f4c05-03c1-4d64-960d-4e7b3c33c949
7060bf6d-6298-4070-825f-1236f2d3d50f,2c5f4c05-03c1-4d64-960d-4e7b3c33c949,8,4,2026-09-27T11:19:23.091685+00:00,d4a92ae2-6ecd-4043-8b5a-82414c597036,false,,,1,2c5f4c05-03c1-4d64-960d-4e7b3c33c949,false,,false,,,,3,2c5f4c05-03c1-4d64-960d-4e7b3c33c949
931d12c8-104b-4fc9-b0b5-a1b68960330e,08d26a81-b59d-4162-ad72-b07ee5d75c64,8,5,2026-09-27T16:43:22.694686+00:00,d4a92ae2-6ecd-4043-8b5a-82414c597036,false,,,1,08d26a81-b59d-4162-ad72-b07ee5d75c64,false,,false,,,,1,08d26a81-b59d-4162-ad72-b07ee5d75c64
a0f199f8-3a78-49ef-95a3-8865375f39f6,08d26a81-b59d-4162-ad72-b07ee5d75c64,9,5,2026-09-27T16:43:22.694686+00:00,d4a92ae2-6ecd-4043-8b5a-82414c597036,false,,,1,08d26a81-b59d-4162-ad72-b07ee5d75c64,false,,false,,,,1,08d26a81-b59d-4162-ad72-b07ee5d75c64
4177366f-e58e-499f-82f2-c8eb4f55de67,08d26a81-b59d-4162-ad72-b07ee5d75c64,10,6,2026-09-27T16:43:22.694686+00:00,d4a92ae2-6ecd-4043-8b5a-82414c597036,false,,,1,08d26a81-b59d-4162-ad72-b07ee5d75c64,false,,false,,,,1,08d26a81-b59d-4162-ad72-b07ee5d75c64
e0ce4694-cb00-40cf-b554-a24759318f11,08d26a81-b59d-4162-ad72-b07ee5d75c64,11,6,2026-09-27T16:43:22.694686+00:00,d4a92ae2-6ecd-4043-8b5a-82414c597036,false,,,1,08d26a81-b59d-4162-ad72-b07ee5d75c64,false,,false,,,,1,08d26a81-b59d-4162-ad72-b07ee5d75c64
9e742166-0205-4d8c-ac7f-372651b0f502,08d26a81-b59d-4162-ad72-b07ee5d75c64,12,4,2026-09-27T16:43:22.694686+00:00,d4a92ae2-6ecd-4043-8b5a-82414c597036,false,,,1,08d26a81-b59d-4162-ad72-b07ee5d75c64,false,,false,,,,1,08d26a81-b59d-4162-ad72-b07ee5d75c64
fba4ca2c-25fc-4d8e-a436-f3b47ac3e9a9,08d26a81-b59d-4162-ad72-b07ee5d75c64,13,3,2026-09-27T16:43:22.694686+00:00,d4a92ae2-6ecd-4043-8b5a-82414c597036,false,,,1,08d26a81-b59d-4162-ad72-b07ee5d75c64,false,,false,,,,1,08d26a81-b59d-4162-ad72-b07ee5d75c64
30b8949b-e35a-4140-ac1e-fbc0bad97592,08d26a81-b59d-4162-ad72-b07ee5d75c64,14,7,2026-09-27T16:43:22.694686+00:00,d4a92ae2-6ecd-4043-8b5a-82414c597036,false,,,1,08d26a81-b59d-4162-ad72-b07ee5d75c64,false,,false,,,,1,08d26a81-b59d-4162-ad72-b07ee5d75c64
3ddd5bdd-ef24-4b64-971d-0f5247f2fa6e,08d26a81-b59d-4162-ad72-b07ee5d75c64,15,5,2026-09-27T16:43:22.694686+00:00,d4a92ae2-6ecd-4043-8b5a-82414c597036,false,,,1,08d26a81-b59d-4162-ad72-b07ee5d75c64,false,,false,,,,1,08d26a81-b59d-4162-ad72-b07ee5d75c64
9a3a8053-e658-4367-ac47-7bc11162b87c,f42128ff-96ff-4c07-8ad5-c344d9767135,3,6,2026-09-27T16:40:20.462349+00:00,d4a92ae2-6ecd-4043-8b5a-82414c597036,false,,,1,f42128ff-96ff-4c07-8ad5-c344d9767135,false,,false,,,,3,f42128ff-96ff-4c07-8ad5-c344d9767135
85682702-aedd-490e-a12c-68a8eafb620f,08d26a81-b59d-4162-ad72-b07ee5d75c64,16,4,2026-09-27T16:43:22.694686+00:00,d4a92ae2-6ecd-4043-8b5a-82414c597036,false,,,1,08d26a81-b59d-4162-ad72-b07ee5d75c64,false,,false,,,,1,08d26a81-b59d-4162-ad72-b07ee5d75c64
8f30651c-2de7-4e26-96cc-123ae2838309,08d26a81-b59d-4162-ad72-b07ee5d75c64,17,3,2026-09-27T16:43:22.694686+00:00,d4a92ae2-6ecd-4043-8b5a-82414c597036,false,,,1,08d26a81-b59d-4162-ad72-b07ee5d75c64,false,,false,,,,1,08d26a81-b59d-4162-ad72-b07ee5d75c64
b91535f9-98bd-438f-8438-ca46f74f80dd,08d26a81-b59d-4162-ad72-b07ee5d75c64,18,6,2026-09-27T16:43:22.694686+00:00,d4a92ae2-6ecd-4043-8b5a-82414c597036,false,,,1,08d26a81-b59d-4162-ad72-b07ee5d75c64,false,,false,,,,1,08d26a81-b59d-4162-ad72-b07ee5d75c64
599677c7-be79-43d5-941f-9eee676969bf,60d9add6-17ee-430f-a974-1bc5cfa95c84,3,3,2026-09-27T11:19:09.195475+00:00,d4a92ae2-6ecd-4043-8b5a-82414c597036,false,,,1,60d9add6-17ee-430f-a974-1bc5cfa95c84,false,,false,,,,3,60d9add6-17ee-430f-a974-1bc5cfa95c84
2ad4a9a7-a95f-41fa-bee3-b3225fb55461,60d9add6-17ee-430f-a974-1bc5cfa95c84,4,3,2026-09-27T11:19:09.195475+00:00,d4a92ae2-6ecd-4043-8b5a-82414c597036,false,,,1,60d9add6-17ee-430f-a974-1bc5cfa95c84,false,,false,,,,3,60d9add6-17ee-430f-a974-1bc5cfa95c84
d9d2f0f9-1646-4831-9d39-43bbb23aed99,60d9add6-17ee-430f-a974-1bc5cfa95c84,5,3,2026-09-27T11:19:09.195475+00:00,d4a92ae2-6ecd-4043-8b5a-82414c597036,false,,,1,60d9add6-17ee-430f-a974-1bc5cfa95c84,false,,false,,,,3,60d9add6-17ee-430f-a974-1bc5cfa95c84
6e98c5a1-f87c-4e85-bb6e-248c34a0ad73,60d9add6-17ee-430f-a974-1bc5cfa95c84,6,5,2026-09-27T11:19:09.195475+00:00,d4a92ae2-6ecd-4043-8b5a-82414c597036,false,,,1,60d9add6-17ee-430f-a974-1bc5cfa95c84,false,,false,,,,3,60d9add6-17ee-430f-a974-1bc5cfa95c84
fe0a3b4a-34ae-4585-941e-b3465cc14c81,60d9add6-17ee-430f-a974-1bc5cfa95c84,7,5,2026-09-27T11:19:09.195475+00:00,d4a92ae2-6ecd-4043-8b5a-82414c597036,false,,,1,60d9add6-17ee-430f-a974-1bc5cfa95c84,false,,false,,,,3,60d9add6-17ee-430f-a974-1bc5cfa95c84
d34dd03b-e612-4bf8-ae08-dda4b7d076d2,60d9add6-17ee-430f-a974-1bc5cfa95c84,8,3,2026-09-27T11:19:09.195475+00:00,d4a92ae2-6ecd-4043-8b5a-82414c597036,false,,,1,60d9add6-17ee-430f-a974-1bc5cfa95c84,false,,false,,,,3,60d9add6-17ee-430f-a974-1bc5cfa95c84
bdfe1a40-b25d-486f-91ea-fd0234858de7,60d9add6-17ee-430f-a974-1bc5cfa95c84,9,6,2026-09-27T11:19:09.195475+00:00,d4a92ae2-6ecd-4043-8b5a-82414c597036,false,,,1,60d9add6-17ee-430f-a974-1bc5cfa95c84,false,,false,,,,3,60d9add6-17ee-430f-a974-1bc5cfa95c84
c1aefd8d-0610-4b7d-a96b-57254899c3ad,2c5f4c05-03c1-4d64-960d-4e7b3c33c949,4,3,2026-09-27T11:19:23.091685+00:00,d4a92ae2-6ecd-4043-8b5a-82414c597036,false,,,1,2c5f4c05-03c1-4d64-960d-4e7b3c33c949,false,,false,,,,3,2c5f4c05-03c1-4d64-960d-4e7b3c33c949
c035a944-bcdd-46f0-a65a-6831d8816d87,2c5f4c05-03c1-4d64-960d-4e7b3c33c949,9,5,2026-09-27T11:19:23.091685+00:00,d4a92ae2-6ecd-4043-8b5a-82414c597036,false,,,1,2c5f4c05-03c1-4d64-960d-4e7b3c33c949,false,,false,,,,3,2c5f4c05-03c1-4d64-960d-4e7b3c33c949
99e64fb6-3de9-410f-8df9-35d788a86673,f42128ff-96ff-4c07-8ad5-c344d9767135,4,6,2026-09-27T16:40:20.462349+00:00,d4a92ae2-6ecd-4043-8b5a-82414c597036,false,,,1,f42128ff-96ff-4c07-8ad5-c344d9767135,false,,false,,,,3,f42128ff-96ff-4c07-8ad5-c344d9767135
6ec0f7e0-267a-4861-a41b-bb414f33d4e1,abd869dc-4fb4-4281-ad1f-d5945e769254,2,7,2026-09-27T16:43:22.694686+00:00,d4a92ae2-6ecd-4043-8b5a-82414c597036,false,,,1,abd869dc-4fb4-4281-ad1f-d5945e769254,false,,false,,,,1,abd869dc-4fb4-4281-ad1f-d5945e769254
a47ecf19-d9f8-4255-b2e7-60fce43feb50,f42128ff-96ff-4c07-8ad5-c344d9767135,5,4,2026-09-27T16:40:20.462349+00:00,d4a92ae2-6ecd-4043-8b5a-82414c597036,false,,,1,f42128ff-96ff-4c07-8ad5-c344d9767135,false,,false,,,,3,f42128ff-96ff-4c07-8ad5-c344d9767135
683dd0da-e4c8-4dc4-a9fb-1399aab11877,abd869dc-4fb4-4281-ad1f-d5945e769254,3,5,2026-09-27T16:43:22.694686+00:00,d4a92ae2-6ecd-4043-8b5a-82414c597036,false,,,1,abd869dc-4fb4-4281-ad1f-d5945e769254,false,,false,,,,1,abd869dc-4fb4-4281-ad1f-d5945e769254
17a1bb38-c4a4-44a1-b152-4504a10e17ec,f42128ff-96ff-4c07-8ad5-c344d9767135,6,7,2026-09-27T16:40:20.462349+00:00,d4a92ae2-6ecd-4043-8b5a-82414c597036,false,,,1,f42128ff-96ff-4c07-8ad5-c344d9767135,false,,false,,,,3,f42128ff-96ff-4c07-8ad5-c344d9767135
5daa2cc3-3cab-47ae-8f72-2d66e36af561,f42128ff-96ff-4c07-8ad5-c344d9767135,7,6,2026-09-27T16:40:20.462349+00:00,d4a92ae2-6ecd-4043-8b5a-82414c597036,false,,,1,f42128ff-96ff-4c07-8ad5-c344d9767135,false,,false,,,,3,f42128ff-96ff-4c07-8ad5-c344d9767135
79f68b6d-e728-4d10-84ea-8f52a55dcf49,f42128ff-96ff-4c07-8ad5-c344d9767135,8,4,2026-09-27T16:40:20.462349+00:00,d4a92ae2-6ecd-4043-8b5a-82414c597036,false,,,1,f42128ff-96ff-4c07-8ad5-c344d9767135,false,,false,,,,3,f42128ff-96ff-4c07-8ad5-c344d9767135
a019ed06-822d-4a5c-97f5-01d0b2de78c7,f42128ff-96ff-4c07-8ad5-c344d9767135,9,5,2026-09-27T16:40:20.462349+00:00,d4a92ae2-6ecd-4043-8b5a-82414c597036,false,,,1,f42128ff-96ff-4c07-8ad5-c344d9767135,false,,false,,,,3,f42128ff-96ff-4c07-8ad5-c344d9767135
67827c2e-240c-4433-b758-41d5297f6c6d,7db2cb2f-f9ed-41d0-bbd8-502f7a9a2ff3,2,7,2026-09-27T16:40:20.462349+00:00,d4a92ae2-6ecd-4043-8b5a-82414c597036,false,,,1,7db2cb2f-f9ed-41d0-bbd8-502f7a9a2ff3,false,,false,,,,3,7db2cb2f-f9ed-41d0-bbd8-502f7a9a2ff3
e9d89158-c726-4f9a-91ef-a63a9d0b8493,abd869dc-4fb4-4281-ad1f-d5945e769254,4,6,2026-09-27T16:43:22.694686+00:00,d4a92ae2-6ecd-4043-8b5a-82414c597036,false,,,1,abd869dc-4fb4-4281-ad1f-d5945e769254,false,,false,,,,1,abd869dc-4fb4-4281-ad1f-d5945e769254
06ab5538-16ce-493f-b256-7eb9f75547bb,abd869dc-4fb4-4281-ad1f-d5945e769254,5,3,2026-09-27T16:43:22.694686+00:00,d4a92ae2-6ecd-4043-8b5a-82414c597036,false,,,1,abd869dc-4fb4-4281-ad1f-d5945e769254,false,,false,,,,1,abd869dc-4fb4-4281-ad1f-d5945e769254
3cc0f10b-9f2d-4f47-aa8d-eb6caf1a8e89,abd869dc-4fb4-4281-ad1f-d5945e769254,6,8,2026-09-27T16:43:22.694686+00:00,d4a92ae2-6ecd-4043-8b5a-82414c597036,false,,,1,abd869dc-4fb4-4281-ad1f-d5945e769254,false,,false,,,,1,abd869dc-4fb4-4281-ad1f-d5945e769254
51e72c4d-9b4f-42d4-8ffe-83bc24b62c82,abd869dc-4fb4-4281-ad1f-d5945e769254,7,5,2026-09-27T16:43:22.694686+00:00,d4a92ae2-6ecd-4043-8b5a-82414c597036,false,,,1,abd869dc-4fb4-4281-ad1f-d5945e769254,false,,false,,,,1,abd869dc-4fb4-4281-ad1f-d5945e769254
e64bd5e9-ec59-4962-bb8a-c550cbf2fabd,abd869dc-4fb4-4281-ad1f-d5945e769254,8,6,2026-09-27T16:43:22.694686+00:00,d4a92ae2-6ecd-4043-8b5a-82414c597036,false,,,1,abd869dc-4fb4-4281-ad1f-d5945e769254,false,,false,,,,1,abd869dc-4fb4-4281-ad1f-d5945e769254
2c207ddd-85cb-49d7-8e2c-a053838165d2,abd869dc-4fb4-4281-ad1f-d5945e769254,9,5,2026-09-27T16:43:22.694686+00:00,d4a92ae2-6ecd-4043-8b5a-82414c597036,false,,,1,abd869dc-4fb4-4281-ad1f-d5945e769254,false,,false,,,,1,abd869dc-4fb4-4281-ad1f-d5945e769254
46aa54b3-6a5e-447b-9510-664b3af05b39,96b9b1f2-6aa1-4ce3-8602-db8885855df9,4,5,2026-09-27T12:24:13.915564+00:00,d4a92ae2-6ecd-4043-8b5a-82414c597036,false,,,1,96b9b1f2-6aa1-4ce3-8602-db8885855df9,false,,false,,,,3,96b9b1f2-6aa1-4ce3-8602-db8885855df9
1d7d794a-e897-436d-9c1e-196baea9514e,96b9b1f2-6aa1-4ce3-8602-db8885855df9,5,4,2026-09-27T12:24:13.915564+00:00,d4a92ae2-6ecd-4043-8b5a-82414c597036,false,,,1,96b9b1f2-6aa1-4ce3-8602-db8885855df9,false,,false,,,,3,96b9b1f2-6aa1-4ce3-8602-db8885855df9
71f1c352-90b8-49c4-8b07-3fca89f12f81,96b9b1f2-6aa1-4ce3-8602-db8885855df9,6,8,2026-09-27T12:24:13.915564+00:00,d4a92ae2-6ecd-4043-8b5a-82414c597036,false,,,1,96b9b1f2-6aa1-4ce3-8602-db8885855df9,false,,false,,,,3,96b9b1f2-6aa1-4ce3-8602-db8885855df9
832d6608-f85c-4699-bd20-8281458497cf,96b9b1f2-6aa1-4ce3-8602-db8885855df9,7,5,2026-09-27T12:24:13.915564+00:00,d4a92ae2-6ecd-4043-8b5a-82414c597036,false,,,1,96b9b1f2-6aa1-4ce3-8602-db8885855df9,false,,false,,,,3,96b9b1f2-6aa1-4ce3-8602-db8885855df9
5d900069-5ead-4881-b6ea-cd571510e8f0,96b9b1f2-6aa1-4ce3-8602-db8885855df9,8,5,2026-09-27T12:24:13.915564+00:00,d4a92ae2-6ecd-4043-8b5a-82414c597036,false,,,1,96b9b1f2-6aa1-4ce3-8602-db8885855df9,false,,false,,,,3,96b9b1f2-6aa1-4ce3-8602-db8885855df9
188c721b-d487-47a5-8daf-dd31cf512d7a,abd869dc-4fb4-4281-ad1f-d5945e769254,10,6,2026-09-27T16:43:22.694686+00:00,d4a92ae2-6ecd-4043-8b5a-82414c597036,false,,,1,abd869dc-4fb4-4281-ad1f-d5945e769254,false,,false,,,,1,abd869dc-4fb4-4281-ad1f-d5945e769254
53f07f7f-5c55-48bd-8c1d-40c10e9ca0a8,abd869dc-4fb4-4281-ad1f-d5945e769254,11,7,2026-09-27T16:43:22.694686+00:00,d4a92ae2-6ecd-4043-8b5a-82414c597036,false,,,1,abd869dc-4fb4-4281-ad1f-d5945e769254,false,,false,,,,1,abd869dc-4fb4-4281-ad1f-d5945e769254
bbeae1a5-dbf8-449e-8749-4eedcf89e0f0,abd869dc-4fb4-4281-ad1f-d5945e769254,12,5,2026-09-27T16:43:22.694686+00:00,d4a92ae2-6ecd-4043-8b5a-82414c597036,false,,,1,abd869dc-4fb4-4281-ad1f-d5945e769254,false,,false,,,,1,abd869dc-4fb4-4281-ad1f-d5945e769254
53e0448e-b76e-4306-be6e-83be071b1c7a,abd869dc-4fb4-4281-ad1f-d5945e769254,13,4,2026-09-27T16:43:22.694686+00:00,d4a92ae2-6ecd-4043-8b5a-82414c597036,false,,,1,abd869dc-4fb4-4281-ad1f-d5945e769254,false,,false,,,,1,abd869dc-4fb4-4281-ad1f-d5945e769254
f1157c13-d1a0-4a2e-8324-8ac3e29be639,abd869dc-4fb4-4281-ad1f-d5945e769254,14,8,2026-09-27T16:43:22.694686+00:00,d4a92ae2-6ecd-4043-8b5a-82414c597036,false,,,1,abd869dc-4fb4-4281-ad1f-d5945e769254,false,,false,,,,1,abd869dc-4fb4-4281-ad1f-d5945e769254
50e94346-8e64-4c49-8c9e-69e8c0fcf22a,abd869dc-4fb4-4281-ad1f-d5945e769254,15,5,2026-09-27T16:43:22.694686+00:00,d4a92ae2-6ecd-4043-8b5a-82414c597036,false,,,1,abd869dc-4fb4-4281-ad1f-d5945e769254,false,,false,,,,1,abd869dc-4fb4-4281-ad1f-d5945e769254
2b3b5055-d50e-486f-b717-b84c5d3f9b6f,abd869dc-4fb4-4281-ad1f-d5945e769254,16,7,2026-09-27T16:43:22.694686+00:00,d4a92ae2-6ecd-4043-8b5a-82414c597036,false,,,1,abd869dc-4fb4-4281-ad1f-d5945e769254,false,,false,,,,1,abd869dc-4fb4-4281-ad1f-d5945e769254
a4651b54-00e8-4ec1-ab8b-040221e603b6,abd869dc-4fb4-4281-ad1f-d5945e769254,17,4,2026-09-27T16:43:22.694686+00:00,d4a92ae2-6ecd-4043-8b5a-82414c597036,false,,,1,abd869dc-4fb4-4281-ad1f-d5945e769254,false,,false,,,,1,abd869dc-4fb4-4281-ad1f-d5945e769254
30b652d3-8826-4385-b53e-3b552dcf5cc2,abd869dc-4fb4-4281-ad1f-d5945e769254,18,5,2026-09-27T16:43:22.694686+00:00,d4a92ae2-6ecd-4043-8b5a-82414c597036,false,,,1,abd869dc-4fb4-4281-ad1f-d5945e769254,false,,false,,,,1,abd869dc-4fb4-4281-ad1f-d5945e769254
2a95456d-9f44-4ee6-b7ed-1c86bf256754,fbc1c0c4-2815-4bdb-af5b-c0a7c4ebf642,11,6,2026-09-27T13:28:51.464722+00:00,d4a92ae2-6ecd-4043-8b5a-82414c597036,false,,,1,fbc1c0c4-2815-4bdb-af5b-c0a7c4ebf642,false,,false,,,,3,fbc1c0c4-2815-4bdb-af5b-c0a7c4ebf642
0a5af22c-f0bd-4c0b-88df-2a367410565f,fbc1c0c4-2815-4bdb-af5b-c0a7c4ebf642,14,5,2026-09-27T13:28:51.464722+00:00,d4a92ae2-6ecd-4043-8b5a-82414c597036,false,,,1,fbc1c0c4-2815-4bdb-af5b-c0a7c4ebf642,false,,false,,,,3,fbc1c0c4-2815-4bdb-af5b-c0a7c4ebf642
dc546dcc-eaad-4bf7-89cd-71f19eb1f8ec,fbc1c0c4-2815-4bdb-af5b-c0a7c4ebf642,15,5,2026-09-27T13:28:51.464722+00:00,d4a92ae2-6ecd-4043-8b5a-82414c597036,false,,,1,fbc1c0c4-2815-4bdb-af5b-c0a7c4ebf642,false,,false,,,,3,fbc1c0c4-2815-4bdb-af5b-c0a7c4ebf642
9ceff9ce-e0df-4da1-a081-225631fada14,79fae2cb-e948-49a9-aa44-6bb1d4ea602b,11,5,2026-09-27T13:29:01.153437+00:00,d4a92ae2-6ecd-4043-8b5a-82414c597036,false,,,1,79fae2cb-e948-49a9-aa44-6bb1d4ea602b,false,,false,,,,3,79fae2cb-e948-49a9-aa44-6bb1d4ea602b
c51ea65c-fff0-4eeb-a1c3-ba770f96e54b,7db2cb2f-f9ed-41d0-bbd8-502f7a9a2ff3,3,4,2026-09-27T16:40:20.462349+00:00,d4a92ae2-6ecd-4043-8b5a-82414c597036,false,,,1,7db2cb2f-f9ed-41d0-bbd8-502f7a9a2ff3,false,,false,,,,3,7db2cb2f-f9ed-41d0-bbd8-502f7a9a2ff3
2bde51c4-9682-49a4-abfa-32ac65e63239,7db2cb2f-f9ed-41d0-bbd8-502f7a9a2ff3,4,7,2026-09-27T16:40:20.462349+00:00,d4a92ae2-6ecd-4043-8b5a-82414c597036,false,,,1,7db2cb2f-f9ed-41d0-bbd8-502f7a9a2ff3,false,,false,,,,3,7db2cb2f-f9ed-41d0-bbd8-502f7a9a2ff3
53414602-48d1-4a2a-bb6a-af751989ae01,7db2cb2f-f9ed-41d0-bbd8-502f7a9a2ff3,5,3,2026-09-27T16:40:20.462349+00:00,d4a92ae2-6ecd-4043-8b5a-82414c597036,false,,,1,7db2cb2f-f9ed-41d0-bbd8-502f7a9a2ff3,false,,false,,,,3,7db2cb2f-f9ed-41d0-bbd8-502f7a9a2ff3
7bfa6a9b-a36c-4618-91db-c8db7e8738aa,7db2cb2f-f9ed-41d0-bbd8-502f7a9a2ff3,6,6,2026-09-27T16:40:20.462349+00:00,d4a92ae2-6ecd-4043-8b5a-82414c597036,false,,,1,7db2cb2f-f9ed-41d0-bbd8-502f7a9a2ff3,false,,false,,,,3,7db2cb2f-f9ed-41d0-bbd8-502f7a9a2ff3
cd276822-b691-4bdc-bcdd-78457408ca6a,7db2cb2f-f9ed-41d0-bbd8-502f7a9a2ff3,7,5,2026-09-27T16:40:20.462349+00:00,d4a92ae2-6ecd-4043-8b5a-82414c597036,false,,,1,7db2cb2f-f9ed-41d0-bbd8-502f7a9a2ff3,false,,false,,,,3,7db2cb2f-f9ed-41d0-bbd8-502f7a9a2ff3
2f57922e-5c58-46df-b6b2-9f35bd87453c,7db2cb2f-f9ed-41d0-bbd8-502f7a9a2ff3,8,6,2026-09-27T16:40:20.462349+00:00,d4a92ae2-6ecd-4043-8b5a-82414c597036,false,,,1,7db2cb2f-f9ed-41d0-bbd8-502f7a9a2ff3,false,,false,,,,3,7db2cb2f-f9ed-41d0-bbd8-502f7a9a2ff3
9003c474-86ad-41e7-84d1-f8b3a3d05293,7db2cb2f-f9ed-41d0-bbd8-502f7a9a2ff3,9,4,2026-09-27T16:40:20.462349+00:00,d4a92ae2-6ecd-4043-8b5a-82414c597036,false,,,1,7db2cb2f-f9ed-41d0-bbd8-502f7a9a2ff3,false,,false,,,,3,7db2cb2f-f9ed-41d0-bbd8-502f7a9a2ff3
fa18ecf2-630d-48fa-98bd-932a761e784d,b64c96a6-6bd0-461d-9f68-f49865e53db5,2,5,2026-09-27T16:40:20.462349+00:00,d4a92ae2-6ecd-4043-8b5a-82414c597036,false,,,1,b64c96a6-6bd0-461d-9f68-f49865e53db5,false,,false,,,,3,b64c96a6-6bd0-461d-9f68-f49865e53db5
c0a35eb8-568e-4fa7-b5e6-972c0c0b03ae,b64c96a6-6bd0-461d-9f68-f49865e53db5,3,3,2026-09-27T16:40:20.462349+00:00,d4a92ae2-6ecd-4043-8b5a-82414c597036,false,,,1,b64c96a6-6bd0-461d-9f68-f49865e53db5,false,,false,,,,3,b64c96a6-6bd0-461d-9f68-f49865e53db5
502320c5-0363-4c82-81ee-ce9540c64164,b64c96a6-6bd0-461d-9f68-f49865e53db5,4,4,2026-09-27T16:40:20.462349+00:00,d4a92ae2-6ecd-4043-8b5a-82414c597036,false,,,1,b64c96a6-6bd0-461d-9f68-f49865e53db5,false,,false,,,,3,b64c96a6-6bd0-461d-9f68-f49865e53db5
0189a1d9-7a9d-40ac-867c-7753f237583e,b64c96a6-6bd0-461d-9f68-f49865e53db5,5,5,2026-09-27T16:40:20.462349+00:00,d4a92ae2-6ecd-4043-8b5a-82414c597036,false,,,1,b64c96a6-6bd0-461d-9f68-f49865e53db5,false,,false,,,,3,b64c96a6-6bd0-461d-9f68-f49865e53db5
10464d6b-1c89-4897-bc2d-5d60cc6351f1,b64c96a6-6bd0-461d-9f68-f49865e53db5,6,7,2026-09-27T16:40:20.462349+00:00,d4a92ae2-6ecd-4043-8b5a-82414c597036,false,,,1,b64c96a6-6bd0-461d-9f68-f49865e53db5,false,,false,,,,3,b64c96a6-6bd0-461d-9f68-f49865e53db5
0539c6f7-cc43-43b8-9f6e-88d9383544a4,b64c96a6-6bd0-461d-9f68-f49865e53db5,7,4,2026-09-27T16:40:20.462349+00:00,d4a92ae2-6ecd-4043-8b5a-82414c597036,false,,,1,b64c96a6-6bd0-461d-9f68-f49865e53db5,false,,false,,,,3,b64c96a6-6bd0-461d-9f68-f49865e53db5
903bacf0-63b5-4e62-88fb-44272ff88f40,b64c96a6-6bd0-461d-9f68-f49865e53db5,8,3,2026-09-27T16:40:20.462349+00:00,d4a92ae2-6ecd-4043-8b5a-82414c597036,false,,,1,b64c96a6-6bd0-461d-9f68-f49865e53db5,false,,false,,,,3,b64c96a6-6bd0-461d-9f68-f49865e53db5
4904e68d-4873-4a10-891b-266e5f3bd8ec,b64c96a6-6bd0-461d-9f68-f49865e53db5,9,6,2026-09-27T16:40:20.462349+00:00,d4a92ae2-6ecd-4043-8b5a-82414c597036,false,,,1,b64c96a6-6bd0-461d-9f68-f49865e53db5,false,,false,,,,3,b64c96a6-6bd0-461d-9f68-f49865e53db5
8016a634-ff76-4ddf-8797-9c9827658da2,36381ba5-02d8-474e-a058-58b719674b9a,1,6,2026-09-27T16:40:20.462349+00:00,d4a92ae2-6ecd-4043-8b5a-82414c597036,false,,,1,36381ba5-02d8-474e-a058-58b719674b9a,false,,false,,,,3,36381ba5-02d8-474e-a058-58b719674b9a
e0930f00-80aa-4f25-a091-dec9779a3a22,36381ba5-02d8-474e-a058-58b719674b9a,2,5,2026-09-27T16:40:20.462349+00:00,d4a92ae2-6ecd-4043-8b5a-82414c597036,false,,,1,36381ba5-02d8-474e-a058-58b719674b9a,false,,false,,,,3,36381ba5-02d8-474e-a058-58b719674b9a
5669ea1f-bd93-42f7-8aa2-3b76d34b1f73,36381ba5-02d8-474e-a058-58b719674b9a,3,3,2026-09-27T16:40:20.462349+00:00,d4a92ae2-6ecd-4043-8b5a-82414c597036,false,,,1,36381ba5-02d8-474e-a058-58b719674b9a,false,,false,,,,3,36381ba5-02d8-474e-a058-58b719674b9a
90107f07-50e7-4be9-8e26-76d1538e2846,36381ba5-02d8-474e-a058-58b719674b9a,4,5,2026-09-27T16:40:20.462349+00:00,d4a92ae2-6ecd-4043-8b5a-82414c597036,false,,,1,36381ba5-02d8-474e-a058-58b719674b9a,false,,false,,,,3,36381ba5-02d8-474e-a058-58b719674b9a
20fc1e0c-b264-4c96-8d04-7b79a129eaa4,36381ba5-02d8-474e-a058-58b719674b9a,5,3,2026-09-27T16:40:20.462349+00:00,d4a92ae2-6ecd-4043-8b5a-82414c597036,false,,,1,36381ba5-02d8-474e-a058-58b719674b9a,false,,false,,,,3,36381ba5-02d8-474e-a058-58b719674b9a
e5b32b0b-b6f5-41ab-b059-d0b8c984e1d7,36381ba5-02d8-474e-a058-58b719674b9a,6,6,2026-09-27T16:40:20.462349+00:00,d4a92ae2-6ecd-4043-8b5a-82414c597036,false,,,1,36381ba5-02d8-474e-a058-58b719674b9a,false,,false,,,,3,36381ba5-02d8-474e-a058-58b719674b9a
6b61f344-4842-4430-be12-ba3c0378860d,36381ba5-02d8-474e-a058-58b719674b9a,7,4,2026-09-27T16:40:20.462349+00:00,d4a92ae2-6ecd-4043-8b5a-82414c597036,false,,,1,36381ba5-02d8-474e-a058-58b719674b9a,false,,false,,,,3,36381ba5-02d8-474e-a058-58b719674b9a
0db98e03-0b01-4f0d-ad69-104bae3aaee2,36381ba5-02d8-474e-a058-58b719674b9a,8,5,2026-09-27T16:40:20.462349+00:00,d4a92ae2-6ecd-4043-8b5a-82414c597036,false,,,1,36381ba5-02d8-474e-a058-58b719674b9a,false,,false,,,,3,36381ba5-02d8-474e-a058-58b719674b9a
30767ec3-d6a2-488d-9235-d3219d485afd,36381ba5-02d8-474e-a058-58b719674b9a,9,5,2026-09-27T16:40:20.462349+00:00,d4a92ae2-6ecd-4043-8b5a-82414c597036,false,,,1,36381ba5-02d8-474e-a058-58b719674b9a,false,,false,,,,3,36381ba5-02d8-474e-a058-58b719674b9a
1cf72708-7048-4a34-bd0d-66757d425d1f,08d26a81-b59d-4162-ad72-b07ee5d75c64,14,5,2026-09-27T16:40:20.462349+00:00,d4a92ae2-6ecd-4043-8b5a-82414c597036,false,,,1,08d26a81-b59d-4162-ad72-b07ee5d75c64,false,,false,,,,3,08d26a81-b59d-4162-ad72-b07ee5d75c64
8973a3f7-8a1a-471c-bce7-8767264df434,08d26a81-b59d-4162-ad72-b07ee5d75c64,15,6,2026-09-27T16:40:20.462349+00:00,d4a92ae2-6ecd-4043-8b5a-82414c597036,false,,,1,08d26a81-b59d-4162-ad72-b07ee5d75c64,false,,false,,,,3,08d26a81-b59d-4162-ad72-b07ee5d75c64
3ab1c106-06e3-4587-8c16-809dddd96e81,08d26a81-b59d-4162-ad72-b07ee5d75c64,16,6,2026-09-27T16:40:20.462349+00:00,d4a92ae2-6ecd-4043-8b5a-82414c597036,false,,,1,08d26a81-b59d-4162-ad72-b07ee5d75c64,false,,false,,,,3,08d26a81-b59d-4162-ad72-b07ee5d75c64
bc36a452-29bd-4896-814d-ca26f1a4c317,08d26a81-b59d-4162-ad72-b07ee5d75c64,17,3,2026-09-27T16:40:20.462349+00:00,d4a92ae2-6ecd-4043-8b5a-82414c597036,false,,,1,08d26a81-b59d-4162-ad72-b07ee5d75c64,false,,false,,,,3,08d26a81-b59d-4162-ad72-b07ee5d75c64
37d031c8-c910-4ebc-89f8-35953554a3f4,08d26a81-b59d-4162-ad72-b07ee5d75c64,18,5,2026-09-27T16:40:20.462349+00:00,d4a92ae2-6ecd-4043-8b5a-82414c597036,false,,,1,08d26a81-b59d-4162-ad72-b07ee5d75c64,false,,false,,,,3,08d26a81-b59d-4162-ad72-b07ee5d75c64
5e9ab11a-a72f-4c48-a47c-678c2979c0fe,96b9b1f2-6aa1-4ce3-8602-db8885855df9,1,7,2026-09-27T16:40:20.462349+00:00,d4a92ae2-6ecd-4043-8b5a-82414c597036,false,,,1,96b9b1f2-6aa1-4ce3-8602-db8885855df9,false,,false,,,,3,96b9b1f2-6aa1-4ce3-8602-db8885855df9
2f35ca98-694d-41d4-897b-162df4e2476a,b8d0b9c8-feab-494a-b904-713a3ef84e28,1,6,2026-09-27T16:43:22.694686+00:00,d4a92ae2-6ecd-4043-8b5a-82414c597036,false,,,1,b8d0b9c8-feab-494a-b904-713a3ef84e28,false,,false,,,,1,b8d0b9c8-feab-494a-b904-713a3ef84e28
6268841d-713d-43f1-8add-c6f33afd02d5,b8d0b9c8-feab-494a-b904-713a3ef84e28,2,7,2026-09-27T16:43:22.694686+00:00,d4a92ae2-6ecd-4043-8b5a-82414c597036,false,,,1,b8d0b9c8-feab-494a-b904-713a3ef84e28,false,,false,,,,1,b8d0b9c8-feab-494a-b904-713a3ef84e28
07351f6d-fc5e-4330-a1ad-d4413b45e8a8,b8d0b9c8-feab-494a-b904-713a3ef84e28,3,8,2026-09-27T16:43:22.694686+00:00,d4a92ae2-6ecd-4043-8b5a-82414c597036,false,,,1,b8d0b9c8-feab-494a-b904-713a3ef84e28,false,,false,,,,1,b8d0b9c8-feab-494a-b904-713a3ef84e28
4754749c-5693-4169-9051-88528e070489,b8d0b9c8-feab-494a-b904-713a3ef84e28,4,5,2026-09-27T16:43:22.694686+00:00,d4a92ae2-6ecd-4043-8b5a-82414c597036,false,,,1,b8d0b9c8-feab-494a-b904-713a3ef84e28,false,,false,,,,1,b8d0b9c8-feab-494a-b904-713a3ef84e28
7517b85a-ae3e-4af4-bfbc-6896766df8c0,b8d0b9c8-feab-494a-b904-713a3ef84e28,5,4,2026-09-27T16:43:22.694686+00:00,d4a92ae2-6ecd-4043-8b5a-82414c597036,false,,,1,b8d0b9c8-feab-494a-b904-713a3ef84e28,false,,false,,,,1,b8d0b9c8-feab-494a-b904-713a3ef84e28
638eb1f5-25b1-4345-a36d-79c740c1f2a4,b8d0b9c8-feab-494a-b904-713a3ef84e28,6,6,2026-09-27T16:43:22.694686+00:00,d4a92ae2-6ecd-4043-8b5a-82414c597036,false,,,1,b8d0b9c8-feab-494a-b904-713a3ef84e28,false,,false,,,,1,b8d0b9c8-feab-494a-b904-713a3ef84e28
40ad1b88-4078-45cc-893e-86813461e1c3,b8d0b9c8-feab-494a-b904-713a3ef84e28,7,6,2026-09-27T16:43:22.694686+00:00,d4a92ae2-6ecd-4043-8b5a-82414c597036,false,,,1,b8d0b9c8-feab-494a-b904-713a3ef84e28,false,,false,,,,1,b8d0b9c8-feab-494a-b904-713a3ef84e28
d9b305fc-3ff8-476b-ad55-c454c7d98b17,b8d0b9c8-feab-494a-b904-713a3ef84e28,8,7,2026-09-27T16:43:22.694686+00:00,d4a92ae2-6ecd-4043-8b5a-82414c597036,false,,,1,b8d0b9c8-feab-494a-b904-713a3ef84e28,false,,false,,,,1,b8d0b9c8-feab-494a-b904-713a3ef84e28
e1cb7104-e94d-4d8f-89a0-69154dac68ea,b8d0b9c8-feab-494a-b904-713a3ef84e28,9,6,2026-09-27T16:43:22.694686+00:00,d4a92ae2-6ecd-4043-8b5a-82414c597036,false,,,1,b8d0b9c8-feab-494a-b904-713a3ef84e28,false,,false,,,,1,b8d0b9c8-feab-494a-b904-713a3ef84e28
bffe0acb-5b19-4c7e-9e29-eb71e7670fed,96b9b1f2-6aa1-4ce3-8602-db8885855df9,2,5,2026-09-27T16:40:20.462349+00:00,d4a92ae2-6ecd-4043-8b5a-82414c597036,false,,,1,96b9b1f2-6aa1-4ce3-8602-db8885855df9,false,,false,,,,3,96b9b1f2-6aa1-4ce3-8602-db8885855df9
7bb45a38-59fb-4c68-b981-c953c4ca43c1,96b9b1f2-6aa1-4ce3-8602-db8885855df9,9,7,2026-09-27T16:40:20.462349+00:00,d4a92ae2-6ecd-4043-8b5a-82414c597036,false,,,1,96b9b1f2-6aa1-4ce3-8602-db8885855df9,false,,false,,,,3,96b9b1f2-6aa1-4ce3-8602-db8885855df9
a9168141-7409-495f-8877-f357b7631fd6,96b9b1f2-6aa1-4ce3-8602-db8885855df9,10,6,2026-09-27T16:40:20.462349+00:00,d4a92ae2-6ecd-4043-8b5a-82414c597036,false,,,1,96b9b1f2-6aa1-4ce3-8602-db8885855df9,false,,false,,,,3,96b9b1f2-6aa1-4ce3-8602-db8885855df9
a6d60971-3214-4324-83bf-5d430a97136c,96b9b1f2-6aa1-4ce3-8602-db8885855df9,11,8,2026-09-27T16:40:20.462349+00:00,d4a92ae2-6ecd-4043-8b5a-82414c597036,false,,,1,96b9b1f2-6aa1-4ce3-8602-db8885855df9,false,,false,,,,3,96b9b1f2-6aa1-4ce3-8602-db8885855df9
290f71d4-e366-4ba4-a67f-70c14e65d325,96b9b1f2-6aa1-4ce3-8602-db8885855df9,12,5,2026-09-27T16:40:20.462349+00:00,d4a92ae2-6ecd-4043-8b5a-82414c597036,false,,,1,96b9b1f2-6aa1-4ce3-8602-db8885855df9,false,,false,,,,3,96b9b1f2-6aa1-4ce3-8602-db8885855df9
7259ddf5-5afa-4f43-9c88-83c71eaf5afc,96b9b1f2-6aa1-4ce3-8602-db8885855df9,13,4,2026-09-27T16:40:20.462349+00:00,d4a92ae2-6ecd-4043-8b5a-82414c597036,false,,,1,96b9b1f2-6aa1-4ce3-8602-db8885855df9,false,,false,,,,3,96b9b1f2-6aa1-4ce3-8602-db8885855df9
52623e5c-efe2-43fd-8302-60b87c777e5d,96b9b1f2-6aa1-4ce3-8602-db8885855df9,14,5,2026-09-27T16:40:20.462349+00:00,d4a92ae2-6ecd-4043-8b5a-82414c597036,false,,,1,96b9b1f2-6aa1-4ce3-8602-db8885855df9,false,,false,,,,3,96b9b1f2-6aa1-4ce3-8602-db8885855df9
2328cfa8-3fcf-44c8-aa26-3899dd2ca691,96b9b1f2-6aa1-4ce3-8602-db8885855df9,15,6,2026-09-27T16:40:20.462349+00:00,d4a92ae2-6ecd-4043-8b5a-82414c597036,false,,,1,96b9b1f2-6aa1-4ce3-8602-db8885855df9,false,,false,,,,3,96b9b1f2-6aa1-4ce3-8602-db8885855df9
80cd7c60-450c-4221-9284-e0e91eff4bea,96b9b1f2-6aa1-4ce3-8602-db8885855df9,16,5,2026-09-27T16:40:20.462349+00:00,d4a92ae2-6ecd-4043-8b5a-82414c597036,false,,,1,96b9b1f2-6aa1-4ce3-8602-db8885855df9,false,,false,,,,3,96b9b1f2-6aa1-4ce3-8602-db8885855df9
7757c486-016d-4c28-9ec7-cf283debcdfe,96b9b1f2-6aa1-4ce3-8602-db8885855df9,17,4,2026-09-27T16:40:20.462349+00:00,d4a92ae2-6ecd-4043-8b5a-82414c597036,false,,,1,96b9b1f2-6aa1-4ce3-8602-db8885855df9,false,,false,,,,3,96b9b1f2-6aa1-4ce3-8602-db8885855df9
ff0f06ed-b3dd-447a-b08d-deb70b92bfbd,96b9b1f2-6aa1-4ce3-8602-db8885855df9,18,6,2026-09-27T16:40:20.462349+00:00,d4a92ae2-6ecd-4043-8b5a-82414c597036,false,,,1,96b9b1f2-6aa1-4ce3-8602-db8885855df9,false,,false,,,,3,96b9b1f2-6aa1-4ce3-8602-db8885855df9
306f9e13-0d92-4ecd-842c-48d61fbdd766,288cb02f-b30e-4cb3-8faf-08f5364d19fc,1,7,2026-09-27T16:40:20.462349+00:00,d4a92ae2-6ecd-4043-8b5a-82414c597036,false,,,1,288cb02f-b30e-4cb3-8faf-08f5364d19fc,false,,false,,,,3,288cb02f-b30e-4cb3-8faf-08f5364d19fc
6d4c934b-8b90-4ae9-a9df-0a238e63e5e5,288cb02f-b30e-4cb3-8faf-08f5364d19fc,2,5,2026-09-27T16:40:20.462349+00:00,d4a92ae2-6ecd-4043-8b5a-82414c597036,false,,,1,288cb02f-b30e-4cb3-8faf-08f5364d19fc,false,,false,,,,3,288cb02f-b30e-4cb3-8faf-08f5364d19fc
58cd0e2e-df4e-47d9-9017-13b54c4b03ba,288cb02f-b30e-4cb3-8faf-08f5364d19fc,3,3,2026-09-27T16:40:20.462349+00:00,d4a92ae2-6ecd-4043-8b5a-82414c597036,false,,,1,288cb02f-b30e-4cb3-8faf-08f5364d19fc,false,,false,,,,3,288cb02f-b30e-4cb3-8faf-08f5364d19fc
1b2b9487-9af9-40dd-9352-544a04d7d73d,288cb02f-b30e-4cb3-8faf-08f5364d19fc,4,5,2026-09-27T16:40:20.462349+00:00,d4a92ae2-6ecd-4043-8b5a-82414c597036,false,,,1,288cb02f-b30e-4cb3-8faf-08f5364d19fc,false,,false,,,,3,288cb02f-b30e-4cb3-8faf-08f5364d19fc
dd56660b-9845-4752-aed5-695e5c58678b,288cb02f-b30e-4cb3-8faf-08f5364d19fc,5,5,2026-09-27T16:40:20.462349+00:00,d4a92ae2-6ecd-4043-8b5a-82414c597036,false,,,1,288cb02f-b30e-4cb3-8faf-08f5364d19fc,false,,false,,,,3,288cb02f-b30e-4cb3-8faf-08f5364d19fc
f5266f50-52a7-436f-8847-9cbfbcdea3ee,288cb02f-b30e-4cb3-8faf-08f5364d19fc,6,8,2026-09-27T16:40:20.462349+00:00,d4a92ae2-6ecd-4043-8b5a-82414c597036,false,,,1,288cb02f-b30e-4cb3-8faf-08f5364d19fc,false,,false,,,,3,288cb02f-b30e-4cb3-8faf-08f5364d19fc
a7736235-d13e-4f3f-b1e1-61d14722d9ec,288cb02f-b30e-4cb3-8faf-08f5364d19fc,9,5,2026-09-27T16:40:20.462349+00:00,d4a92ae2-6ecd-4043-8b5a-82414c597036,false,,,1,288cb02f-b30e-4cb3-8faf-08f5364d19fc,false,,false,,,,3,288cb02f-b30e-4cb3-8faf-08f5364d19fc
ab86d44e-3011-4edc-86a8-9eb90057ac9b,288cb02f-b30e-4cb3-8faf-08f5364d19fc,10,7,2026-09-27T16:40:20.462349+00:00,d4a92ae2-6ecd-4043-8b5a-82414c597036,false,,,1,288cb02f-b30e-4cb3-8faf-08f5364d19fc,false,,false,,,,3,288cb02f-b30e-4cb3-8faf-08f5364d19fc
4207fbc1-0e06-4dce-ab3f-18ae5a9c816e,288cb02f-b30e-4cb3-8faf-08f5364d19fc,11,7,2026-09-27T16:40:20.462349+00:00,d4a92ae2-6ecd-4043-8b5a-82414c597036,false,,,1,288cb02f-b30e-4cb3-8faf-08f5364d19fc,false,,false,,,,3,288cb02f-b30e-4cb3-8faf-08f5364d19fc
4b903ed8-6898-4806-9408-6593137c348e,288cb02f-b30e-4cb3-8faf-08f5364d19fc,12,4,2026-09-27T16:40:20.462349+00:00,d4a92ae2-6ecd-4043-8b5a-82414c597036,false,,,1,288cb02f-b30e-4cb3-8faf-08f5364d19fc,false,,false,,,,3,288cb02f-b30e-4cb3-8faf-08f5364d19fc
a3f6fccb-c073-4670-ade2-876468df3b93,288cb02f-b30e-4cb3-8faf-08f5364d19fc,13,3,2026-09-27T16:40:20.462349+00:00,d4a92ae2-6ecd-4043-8b5a-82414c597036,false,,,1,288cb02f-b30e-4cb3-8faf-08f5364d19fc,false,,false,,,,3,288cb02f-b30e-4cb3-8faf-08f5364d19fc
17720a30-fa7d-4c4f-ad92-dbaf1d2c73f6,288cb02f-b30e-4cb3-8faf-08f5364d19fc,14,6,2026-09-27T16:40:20.462349+00:00,d4a92ae2-6ecd-4043-8b5a-82414c597036,false,,,1,288cb02f-b30e-4cb3-8faf-08f5364d19fc,false,,false,,,,3,288cb02f-b30e-4cb3-8faf-08f5364d19fc
041b9150-f970-40b6-b062-c86197410208,b8d0b9c8-feab-494a-b904-713a3ef84e28,10,7,2026-09-27T16:43:22.694686+00:00,d4a92ae2-6ecd-4043-8b5a-82414c597036,false,,,1,b8d0b9c8-feab-494a-b904-713a3ef84e28,false,,false,,,,1,b8d0b9c8-feab-494a-b904-713a3ef84e28
5d66aa05-f890-4a78-8edb-e4c7b1b4d971,b8d0b9c8-feab-494a-b904-713a3ef84e28,11,6,2026-09-27T16:43:22.694686+00:00,d4a92ae2-6ecd-4043-8b5a-82414c597036,false,,,1,b8d0b9c8-feab-494a-b904-713a3ef84e28,false,,false,,,,1,b8d0b9c8-feab-494a-b904-713a3ef84e28
1f323a19-0694-4364-91dd-977fc523979c,b8d0b9c8-feab-494a-b904-713a3ef84e28,12,6,2026-09-27T16:43:22.694686+00:00,d4a92ae2-6ecd-4043-8b5a-82414c597036,false,,,1,b8d0b9c8-feab-494a-b904-713a3ef84e28,false,,false,,,,1,b8d0b9c8-feab-494a-b904-713a3ef84e28
877a44ed-0de2-4b48-9e3f-8241132ba3f4,b8d0b9c8-feab-494a-b904-713a3ef84e28,13,4,2026-09-27T16:43:22.694686+00:00,d4a92ae2-6ecd-4043-8b5a-82414c597036,false,,,1,b8d0b9c8-feab-494a-b904-713a3ef84e28,false,,false,,,,1,b8d0b9c8-feab-494a-b904-713a3ef84e28
9152bea1-0070-49df-87a4-9c84547a4189,b8d0b9c8-feab-494a-b904-713a3ef84e28,14,5,2026-09-27T16:43:22.694686+00:00,d4a92ae2-6ecd-4043-8b5a-82414c597036,false,,,1,b8d0b9c8-feab-494a-b904-713a3ef84e28,false,,false,,,,1,b8d0b9c8-feab-494a-b904-713a3ef84e28
e7568fbd-a2da-45f7-8a8d-a4cec7b6c045,b8d0b9c8-feab-494a-b904-713a3ef84e28,15,7,2026-09-27T16:43:22.694686+00:00,d4a92ae2-6ecd-4043-8b5a-82414c597036,false,,,1,b8d0b9c8-feab-494a-b904-713a3ef84e28,false,,false,,,,1,b8d0b9c8-feab-494a-b904-713a3ef84e28
584164d5-df27-4788-bc49-e0d69a06fa57,b8d0b9c8-feab-494a-b904-713a3ef84e28,16,5,2026-09-27T16:43:22.694686+00:00,d4a92ae2-6ecd-4043-8b5a-82414c597036,false,,,1,b8d0b9c8-feab-494a-b904-713a3ef84e28,false,,false,,,,1,b8d0b9c8-feab-494a-b904-713a3ef84e28
347fac10-aaff-4c4f-8008-b36aac53a841,b8d0b9c8-feab-494a-b904-713a3ef84e28,17,4,2026-09-27T16:43:22.694686+00:00,d4a92ae2-6ecd-4043-8b5a-82414c597036,false,,,1,b8d0b9c8-feab-494a-b904-713a3ef84e28,false,,false,,,,1,b8d0b9c8-feab-494a-b904-713a3ef84e28
e24cd364-5cd8-4be4-b07e-f3705715167e,b8d0b9c8-feab-494a-b904-713a3ef84e28,18,6,2026-09-27T16:43:22.694686+00:00,d4a92ae2-6ecd-4043-8b5a-82414c597036,false,,,1,b8d0b9c8-feab-494a-b904-713a3ef84e28,false,,false,,,,1,b8d0b9c8-feab-494a-b904-713a3ef84e28
dc3ef7f6-0e91-4549-b429-a287e817c5a2,288cb02f-b30e-4cb3-8faf-08f5364d19fc,1,6,2026-09-27T16:43:22.694686+00:00,d4a92ae2-6ecd-4043-8b5a-82414c597036,false,,,1,288cb02f-b30e-4cb3-8faf-08f5364d19fc,false,,false,,,,1,288cb02f-b30e-4cb3-8faf-08f5364d19fc
12104d40-7576-48bd-a51b-12cc09dea3e8,288cb02f-b30e-4cb3-8faf-08f5364d19fc,2,7,2026-09-27T16:43:22.694686+00:00,d4a92ae2-6ecd-4043-8b5a-82414c597036,false,,,1,288cb02f-b30e-4cb3-8faf-08f5364d19fc,false,,false,,,,1,288cb02f-b30e-4cb3-8faf-08f5364d19fc
9bf90405-7192-4bf4-a8fd-c80471760d0f,288cb02f-b30e-4cb3-8faf-08f5364d19fc,3,8,2026-09-27T16:43:22.694686+00:00,d4a92ae2-6ecd-4043-8b5a-82414c597036,false,,,1,288cb02f-b30e-4cb3-8faf-08f5364d19fc,false,,false,,,,1,288cb02f-b30e-4cb3-8faf-08f5364d19fc
3d0793f9-68d3-48a3-97a5-072e12ba80bc,288cb02f-b30e-4cb3-8faf-08f5364d19fc,4,5,2026-09-27T16:43:22.694686+00:00,d4a92ae2-6ecd-4043-8b5a-82414c597036,false,,,1,288cb02f-b30e-4cb3-8faf-08f5364d19fc,false,,false,,,,1,288cb02f-b30e-4cb3-8faf-08f5364d19fc
da065b49-4a30-40b0-92a1-04bb631ffdf4,288cb02f-b30e-4cb3-8faf-08f5364d19fc,5,4,2026-09-27T16:43:22.694686+00:00,d4a92ae2-6ecd-4043-8b5a-82414c597036,false,,,1,288cb02f-b30e-4cb3-8faf-08f5364d19fc,false,,false,,,,1,288cb02f-b30e-4cb3-8faf-08f5364d19fc
0afe7435-5033-4806-9a3c-866147a7698f,288cb02f-b30e-4cb3-8faf-08f5364d19fc,6,6,2026-09-27T16:43:22.694686+00:00,d4a92ae2-6ecd-4043-8b5a-82414c597036,false,,,1,288cb02f-b30e-4cb3-8faf-08f5364d19fc,false,,false,,,,1,288cb02f-b30e-4cb3-8faf-08f5364d19fc
1a90661e-13f1-43fe-9df4-dc0ef4aa615a,288cb02f-b30e-4cb3-8faf-08f5364d19fc,7,6,2026-09-27T16:43:22.694686+00:00,d4a92ae2-6ecd-4043-8b5a-82414c597036,false,,,1,288cb02f-b30e-4cb3-8faf-08f5364d19fc,false,,false,,,,1,288cb02f-b30e-4cb3-8faf-08f5364d19fc
221e2cc1-0850-4325-a049-8c0e01f75c57,288cb02f-b30e-4cb3-8faf-08f5364d19fc,8,7,2026-09-27T16:43:22.694686+00:00,d4a92ae2-6ecd-4043-8b5a-82414c597036,false,,,1,288cb02f-b30e-4cb3-8faf-08f5364d19fc,false,,false,,,,1,288cb02f-b30e-4cb3-8faf-08f5364d19fc
7bf2984b-a7eb-409f-a2aa-ee741321839c,288cb02f-b30e-4cb3-8faf-08f5364d19fc,9,6,2026-09-27T16:43:22.694686+00:00,d4a92ae2-6ecd-4043-8b5a-82414c597036,false,,,1,288cb02f-b30e-4cb3-8faf-08f5364d19fc,false,,false,,,,1,288cb02f-b30e-4cb3-8faf-08f5364d19fc
01a44224-8f54-41fc-9821-33f25d16abca,288cb02f-b30e-4cb3-8faf-08f5364d19fc,10,7,2026-09-27T16:43:22.694686+00:00,d4a92ae2-6ecd-4043-8b5a-82414c597036,false,,,1,288cb02f-b30e-4cb3-8faf-08f5364d19fc,false,,false,,,,1,288cb02f-b30e-4cb3-8faf-08f5364d19fc
3bea0ac3-1913-42d4-8a2f-71b5ec86593b,288cb02f-b30e-4cb3-8faf-08f5364d19fc,11,6,2026-09-27T16:43:22.694686+00:00,d4a92ae2-6ecd-4043-8b5a-82414c597036,false,,,1,288cb02f-b30e-4cb3-8faf-08f5364d19fc,false,,false,,,,1,288cb02f-b30e-4cb3-8faf-08f5364d19fc
ad87d49d-8e70-4033-8181-d34e444cdabe,288cb02f-b30e-4cb3-8faf-08f5364d19fc,12,6,2026-09-27T16:43:22.694686+00:00,d4a92ae2-6ecd-4043-8b5a-82414c597036,false,,,1,288cb02f-b30e-4cb3-8faf-08f5364d19fc,false,,false,,,,1,288cb02f-b30e-4cb3-8faf-08f5364d19fc
eeb40be3-e27b-4ed1-9261-d0bf0edcb081,288cb02f-b30e-4cb3-8faf-08f5364d19fc,13,4,2026-09-27T16:43:22.694686+00:00,d4a92ae2-6ecd-4043-8b5a-82414c597036,false,,,1,288cb02f-b30e-4cb3-8faf-08f5364d19fc,false,,false,,,,1,288cb02f-b30e-4cb3-8faf-08f5364d19fc
26c8579a-27d3-434e-8576-df31bcd6f8cd,288cb02f-b30e-4cb3-8faf-08f5364d19fc,14,5,2026-09-27T16:43:22.694686+00:00,d4a92ae2-6ecd-4043-8b5a-82414c597036,false,,,1,288cb02f-b30e-4cb3-8faf-08f5364d19fc,false,,false,,,,1,288cb02f-b30e-4cb3-8faf-08f5364d19fc
b746bf98-c6eb-4f79-ad68-2423ba1257bc,288cb02f-b30e-4cb3-8faf-08f5364d19fc,15,7,2026-09-27T16:43:22.694686+00:00,d4a92ae2-6ecd-4043-8b5a-82414c597036,false,,,1,288cb02f-b30e-4cb3-8faf-08f5364d19fc,false,,false,,,,1,288cb02f-b30e-4cb3-8faf-08f5364d19fc
5d94d3ae-2432-4397-8cce-4105b9e5557e,288cb02f-b30e-4cb3-8faf-08f5364d19fc,16,5,2026-09-27T16:43:22.694686+00:00,d4a92ae2-6ecd-4043-8b5a-82414c597036,false,,,1,288cb02f-b30e-4cb3-8faf-08f5364d19fc,false,,false,,,,1,288cb02f-b30e-4cb3-8faf-08f5364d19fc
4b01a31c-eea9-4222-aecb-abbd0dc5e2cc,288cb02f-b30e-4cb3-8faf-08f5364d19fc,17,4,2026-09-27T16:43:22.694686+00:00,d4a92ae2-6ecd-4043-8b5a-82414c597036,false,,,1,288cb02f-b30e-4cb3-8faf-08f5364d19fc,false,,false,,,,1,288cb02f-b30e-4cb3-8faf-08f5364d19fc
12b36dda-29cb-4618-8feb-a0236e7ed232,288cb02f-b30e-4cb3-8faf-08f5364d19fc,18,6,2026-09-27T16:43:22.694686+00:00,d4a92ae2-6ecd-4043-8b5a-82414c597036,false,,,1,288cb02f-b30e-4cb3-8faf-08f5364d19fc,false,,false,,,,1,288cb02f-b30e-4cb3-8faf-08f5364d19fc
18217bf6-8756-41d3-9889-27be296f8519,96b9b1f2-6aa1-4ce3-8602-db8885855df9,1,6,2026-09-27T16:43:22.694686+00:00,d4a92ae2-6ecd-4043-8b5a-82414c597036,false,,,1,96b9b1f2-6aa1-4ce3-8602-db8885855df9,false,,false,,,,1,96b9b1f2-6aa1-4ce3-8602-db8885855df9
a21f1b9f-94a7-4139-b02a-7ac3e2e276e6,96b9b1f2-6aa1-4ce3-8602-db8885855df9,2,6,2026-09-27T16:43:22.694686+00:00,d4a92ae2-6ecd-4043-8b5a-82414c597036,false,,,1,96b9b1f2-6aa1-4ce3-8602-db8885855df9,false,,false,,,,1,96b9b1f2-6aa1-4ce3-8602-db8885855df9
033bbe3c-6816-430a-b3da-773e63e6cf62,96b9b1f2-6aa1-4ce3-8602-db8885855df9,3,4,2026-09-27T16:43:22.694686+00:00,d4a92ae2-6ecd-4043-8b5a-82414c597036,false,,,1,96b9b1f2-6aa1-4ce3-8602-db8885855df9,false,,false,,,,1,96b9b1f2-6aa1-4ce3-8602-db8885855df9
4ad30d9f-ecfc-4fc1-8917-58bd92b74647,96b9b1f2-6aa1-4ce3-8602-db8885855df9,4,5,2026-09-27T16:43:22.694686+00:00,d4a92ae2-6ecd-4043-8b5a-82414c597036,false,,,1,96b9b1f2-6aa1-4ce3-8602-db8885855df9,false,,false,,,,1,96b9b1f2-6aa1-4ce3-8602-db8885855df9
9edcbfc6-674c-402e-a2a8-a9e8e4f942f0,96b9b1f2-6aa1-4ce3-8602-db8885855df9,5,5,2026-09-27T16:43:22.694686+00:00,d4a92ae2-6ecd-4043-8b5a-82414c597036,false,,,1,96b9b1f2-6aa1-4ce3-8602-db8885855df9,false,,false,,,,1,96b9b1f2-6aa1-4ce3-8602-db8885855df9
7b069eef-796b-48c4-b57b-8ecffb929a46,96b9b1f2-6aa1-4ce3-8602-db8885855df9,6,8,2026-09-27T16:43:22.694686+00:00,d4a92ae2-6ecd-4043-8b5a-82414c597036,false,,,1,96b9b1f2-6aa1-4ce3-8602-db8885855df9,false,,false,,,,1,96b9b1f2-6aa1-4ce3-8602-db8885855df9
4309d291-4e0f-4246-8ec0-459add72ddc5,96b9b1f2-6aa1-4ce3-8602-db8885855df9,7,6,2026-09-27T16:43:22.694686+00:00,d4a92ae2-6ecd-4043-8b5a-82414c597036,false,,,1,96b9b1f2-6aa1-4ce3-8602-db8885855df9,false,,false,,,,1,96b9b1f2-6aa1-4ce3-8602-db8885855df9
a8397924-3a12-4b78-b42d-433cde4aa74b,96b9b1f2-6aa1-4ce3-8602-db8885855df9,8,6,2026-09-27T16:43:22.694686+00:00,d4a92ae2-6ecd-4043-8b5a-82414c597036,false,,,1,96b9b1f2-6aa1-4ce3-8602-db8885855df9,false,,false,,,,1,96b9b1f2-6aa1-4ce3-8602-db8885855df9
3470bea9-cd5b-48c6-b774-6c7a0eafad18,96b9b1f2-6aa1-4ce3-8602-db8885855df9,9,5,2026-09-27T16:43:22.694686+00:00,d4a92ae2-6ecd-4043-8b5a-82414c597036,false,,,1,96b9b1f2-6aa1-4ce3-8602-db8885855df9,false,,false,,,,1,96b9b1f2-6aa1-4ce3-8602-db8885855df9
f885f86d-093f-4045-9072-54a19d7b51fb,96b9b1f2-6aa1-4ce3-8602-db8885855df9,10,6,2026-09-27T16:43:22.694686+00:00,d4a92ae2-6ecd-4043-8b5a-82414c597036,false,,,1,96b9b1f2-6aa1-4ce3-8602-db8885855df9,false,,false,,,,1,96b9b1f2-6aa1-4ce3-8602-db8885855df9
d2fffe08-eb2c-4f73-9fa0-bab7542e8a8d,96b9b1f2-6aa1-4ce3-8602-db8885855df9,11,8,2026-09-27T16:43:22.694686+00:00,d4a92ae2-6ecd-4043-8b5a-82414c597036,false,,,1,96b9b1f2-6aa1-4ce3-8602-db8885855df9,false,,false,,,,1,96b9b1f2-6aa1-4ce3-8602-db8885855df9
94f772a5-b2ec-4599-b6f7-d3a3acaf0ab0,96b9b1f2-6aa1-4ce3-8602-db8885855df9,12,5,2026-09-27T16:43:22.694686+00:00,d4a92ae2-6ecd-4043-8b5a-82414c597036,false,,,1,96b9b1f2-6aa1-4ce3-8602-db8885855df9,false,,false,,,,1,96b9b1f2-6aa1-4ce3-8602-db8885855df9
9924f981-6e7d-4979-810f-a92f4f33165e,96b9b1f2-6aa1-4ce3-8602-db8885855df9,13,4,2026-09-27T16:43:22.694686+00:00,d4a92ae2-6ecd-4043-8b5a-82414c597036,false,,,1,96b9b1f2-6aa1-4ce3-8602-db8885855df9,false,,false,,,,1,96b9b1f2-6aa1-4ce3-8602-db8885855df9
3aa43814-61cb-4244-898b-b55ad50cac66,96b9b1f2-6aa1-4ce3-8602-db8885855df9,14,5,2026-09-27T16:43:22.694686+00:00,d4a92ae2-6ecd-4043-8b5a-82414c597036,false,,,1,96b9b1f2-6aa1-4ce3-8602-db8885855df9,false,,false,,,,1,96b9b1f2-6aa1-4ce3-8602-db8885855df9
d5f13ce8-5e56-4569-860a-39a2ae1dd7bb,96b9b1f2-6aa1-4ce3-8602-db8885855df9,15,5,2026-09-27T16:43:22.694686+00:00,d4a92ae2-6ecd-4043-8b5a-82414c597036,false,,,1,96b9b1f2-6aa1-4ce3-8602-db8885855df9,false,,false,,,,1,96b9b1f2-6aa1-4ce3-8602-db8885855df9
813b089e-7b70-406f-83a1-ffc78e463038,96b9b1f2-6aa1-4ce3-8602-db8885855df9,16,5,2026-09-27T16:43:22.694686+00:00,d4a92ae2-6ecd-4043-8b5a-82414c597036,false,,,1,96b9b1f2-6aa1-4ce3-8602-db8885855df9,false,,false,,,,1,96b9b1f2-6aa1-4ce3-8602-db8885855df9
b7f61201-0d63-41ae-9a8b-41af17e3dbbf,96b9b1f2-6aa1-4ce3-8602-db8885855df9,17,4,2026-09-27T16:43:22.694686+00:00,d4a92ae2-6ecd-4043-8b5a-82414c597036,false,,,1,96b9b1f2-6aa1-4ce3-8602-db8885855df9,false,,false,,,,1,96b9b1f2-6aa1-4ce3-8602-db8885855df9
7378ef60-67f9-407b-84ff-a7592307f248,96b9b1f2-6aa1-4ce3-8602-db8885855df9,18,7,2026-09-27T16:43:22.694686+00:00,d4a92ae2-6ecd-4043-8b5a-82414c597036,false,,,1,96b9b1f2-6aa1-4ce3-8602-db8885855df9,false,,false,,,,1,96b9b1f2-6aa1-4ce3-8602-db8885855df9
bdb1d273-233d-488f-ab8b-75b9989933f2,79fae2cb-e948-49a9-aa44-6bb1d4ea602b,15,4,2026-09-27T13:29:01.153437+00:00,d4a92ae2-6ecd-4043-8b5a-82414c597036,false,,,1,79fae2cb-e948-49a9-aa44-6bb1d4ea602b,false,,false,,,,3,79fae2cb-e948-49a9-aa44-6bb1d4ea602b
8fefe645-63cf-4ad0-92c0-ea9f5cbb9d71,79fae2cb-e948-49a9-aa44-6bb1d4ea602b,16,4,2026-09-27T13:29:01.153437+00:00,d4a92ae2-6ecd-4043-8b5a-82414c597036,false,,,1,79fae2cb-e948-49a9-aa44-6bb1d4ea602b,false,,false,,,,3,79fae2cb-e948-49a9-aa44-6bb1d4ea602b
d554b494-b139-47af-878f-b9f2b203dcc5,288cb02f-b30e-4cb3-8faf-08f5364d19fc,15,5,2026-09-27T16:40:20.462349+00:00,d4a92ae2-6ecd-4043-8b5a-82414c597036,false,,,1,288cb02f-b30e-4cb3-8faf-08f5364d19fc,false,,false,,,,3,288cb02f-b30e-4cb3-8faf-08f5364d19fc
6f79918e-7089-4403-94a1-deb5d62d3461,0b2be1cc-3241-4cfe-9af6-0b92a5582cec,1,5,2026-09-27T16:43:22.694686+00:00,d4a92ae2-6ecd-4043-8b5a-82414c597036,false,,,1,0b2be1cc-3241-4cfe-9af6-0b92a5582cec,false,,false,,,,1,0b2be1cc-3241-4cfe-9af6-0b92a5582cec
5b5dbee2-aff9-48cc-8660-b08ab28f7f78,0b2be1cc-3241-4cfe-9af6-0b92a5582cec,2,5,2026-09-27T16:43:22.694686+00:00,d4a92ae2-6ecd-4043-8b5a-82414c597036,false,,,1,0b2be1cc-3241-4cfe-9af6-0b92a5582cec,false,,false,,,,1,0b2be1cc-3241-4cfe-9af6-0b92a5582cec
a4177af5-683d-49d2-95c3-fd7b54469638,0b2be1cc-3241-4cfe-9af6-0b92a5582cec,3,4,2026-09-27T16:43:22.694686+00:00,d4a92ae2-6ecd-4043-8b5a-82414c597036,false,,,1,0b2be1cc-3241-4cfe-9af6-0b92a5582cec,false,,false,,,,1,0b2be1cc-3241-4cfe-9af6-0b92a5582cec
e20878d7-b089-4034-b7c0-4bc45c657b56,0b2be1cc-3241-4cfe-9af6-0b92a5582cec,4,5,2026-09-27T16:43:22.694686+00:00,d4a92ae2-6ecd-4043-8b5a-82414c597036,false,,,1,0b2be1cc-3241-4cfe-9af6-0b92a5582cec,false,,false,,,,1,0b2be1cc-3241-4cfe-9af6-0b92a5582cec
357df957-97cd-4234-8530-e7eca2a6d90e,0b2be1cc-3241-4cfe-9af6-0b92a5582cec,5,5,2026-09-27T16:43:22.694686+00:00,d4a92ae2-6ecd-4043-8b5a-82414c597036,false,,,1,0b2be1cc-3241-4cfe-9af6-0b92a5582cec,false,,false,,,,1,0b2be1cc-3241-4cfe-9af6-0b92a5582cec
6a7b7be9-0eea-4b57-91e9-1d45b7ae52b5,0b2be1cc-3241-4cfe-9af6-0b92a5582cec,6,7,2026-09-27T16:43:22.694686+00:00,d4a92ae2-6ecd-4043-8b5a-82414c597036,false,,,1,0b2be1cc-3241-4cfe-9af6-0b92a5582cec,false,,false,,,,1,0b2be1cc-3241-4cfe-9af6-0b92a5582cec
00a86e28-6ee0-4f82-8748-8fd64d58226b,0b2be1cc-3241-4cfe-9af6-0b92a5582cec,7,6,2026-09-27T16:43:22.694686+00:00,d4a92ae2-6ecd-4043-8b5a-82414c597036,false,,,1,0b2be1cc-3241-4cfe-9af6-0b92a5582cec,false,,false,,,,1,0b2be1cc-3241-4cfe-9af6-0b92a5582cec
0e13d462-aac7-42fa-9e83-78272847853c,0b2be1cc-3241-4cfe-9af6-0b92a5582cec,8,5,2026-09-27T16:43:22.694686+00:00,d4a92ae2-6ecd-4043-8b5a-82414c597036,false,,,1,0b2be1cc-3241-4cfe-9af6-0b92a5582cec,false,,false,,,,1,0b2be1cc-3241-4cfe-9af6-0b92a5582cec
6de19769-250d-4ce9-b972-d11252438465,0b2be1cc-3241-4cfe-9af6-0b92a5582cec,9,5,2026-09-27T16:43:22.694686+00:00,d4a92ae2-6ecd-4043-8b5a-82414c597036,false,,,1,0b2be1cc-3241-4cfe-9af6-0b92a5582cec,false,,false,,,,1,0b2be1cc-3241-4cfe-9af6-0b92a5582cec
4b524c49-0592-4bdb-95d6-6bf06868aebe,0b2be1cc-3241-4cfe-9af6-0b92a5582cec,10,5,2026-09-27T16:43:22.694686+00:00,d4a92ae2-6ecd-4043-8b5a-82414c597036,false,,,1,0b2be1cc-3241-4cfe-9af6-0b92a5582cec,false,,false,,,,1,0b2be1cc-3241-4cfe-9af6-0b92a5582cec
d4c49267-43ae-448f-b2d3-673a22b3ed2a,0b2be1cc-3241-4cfe-9af6-0b92a5582cec,11,9,2026-09-27T16:43:22.694686+00:00,d4a92ae2-6ecd-4043-8b5a-82414c597036,false,,,1,0b2be1cc-3241-4cfe-9af6-0b92a5582cec,false,,false,,,,1,0b2be1cc-3241-4cfe-9af6-0b92a5582cec
29c567b9-3e80-4c67-887e-029e996e6455,0b2be1cc-3241-4cfe-9af6-0b92a5582cec,12,5,2026-09-27T16:43:22.694686+00:00,d4a92ae2-6ecd-4043-8b5a-82414c597036,false,,,1,0b2be1cc-3241-4cfe-9af6-0b92a5582cec,false,,false,,,,1,0b2be1cc-3241-4cfe-9af6-0b92a5582cec
180fd7f7-df71-4483-8db7-3476def4b0e4,0b2be1cc-3241-4cfe-9af6-0b92a5582cec,13,4,2026-09-27T16:43:22.694686+00:00,d4a92ae2-6ecd-4043-8b5a-82414c597036,false,,,1,0b2be1cc-3241-4cfe-9af6-0b92a5582cec,false,,false,,,,1,0b2be1cc-3241-4cfe-9af6-0b92a5582cec
8dd1ea98-a63e-4c32-91a2-ec24e4ff514f,0b2be1cc-3241-4cfe-9af6-0b92a5582cec,14,3,2026-09-27T16:43:22.694686+00:00,d4a92ae2-6ecd-4043-8b5a-82414c597036,false,,,1,0b2be1cc-3241-4cfe-9af6-0b92a5582cec,false,,false,,,,1,0b2be1cc-3241-4cfe-9af6-0b92a5582cec
dc710976-79b3-4e26-a915-ee76e8404ace,0b2be1cc-3241-4cfe-9af6-0b92a5582cec,15,4,2026-09-27T16:43:22.694686+00:00,d4a92ae2-6ecd-4043-8b5a-82414c597036,false,,,1,0b2be1cc-3241-4cfe-9af6-0b92a5582cec,false,,false,,,,1,0b2be1cc-3241-4cfe-9af6-0b92a5582cec
c75221cd-6fa2-4db6-9bba-9d3680accc9d,0b2be1cc-3241-4cfe-9af6-0b92a5582cec,16,4,2026-09-27T16:43:22.694686+00:00,d4a92ae2-6ecd-4043-8b5a-82414c597036,false,,,1,0b2be1cc-3241-4cfe-9af6-0b92a5582cec,false,,false,,,,1,0b2be1cc-3241-4cfe-9af6-0b92a5582cec
62cac8a0-de64-4461-8ddb-8e3d59d42600,0b2be1cc-3241-4cfe-9af6-0b92a5582cec,17,4,2026-09-27T16:43:22.694686+00:00,d4a92ae2-6ecd-4043-8b5a-82414c597036,false,,,1,0b2be1cc-3241-4cfe-9af6-0b92a5582cec,false,,false,,,,1,0b2be1cc-3241-4cfe-9af6-0b92a5582cec
7fc0da41-6462-412c-ba59-ce002d3ca55f,0b2be1cc-3241-4cfe-9af6-0b92a5582cec,18,7,2026-09-27T16:43:22.694686+00:00,d4a92ae2-6ecd-4043-8b5a-82414c597036,false,,,1,0b2be1cc-3241-4cfe-9af6-0b92a5582cec,false,,false,,,,1,0b2be1cc-3241-4cfe-9af6-0b92a5582cec
8c18ed9f-2db6-417e-87d0-463a22398df6,39ace5a0-881a-4178-aa2b-2fd274ebc40a,15,4,2026-09-27T16:43:22.694686+00:00,d4a92ae2-6ecd-4043-8b5a-82414c597036,false,,,1,39ace5a0-881a-4178-aa2b-2fd274ebc40a,false,,false,,,,1,39ace5a0-881a-4178-aa2b-2fd274ebc40a
571e2629-c44c-41e3-8b90-dd02ac2c4b77,39ace5a0-881a-4178-aa2b-2fd274ebc40a,16,4,2026-09-27T16:43:22.694686+00:00,d4a92ae2-6ecd-4043-8b5a-82414c597036,false,,,1,39ace5a0-881a-4178-aa2b-2fd274ebc40a,false,,false,,,,1,39ace5a0-881a-4178-aa2b-2fd274ebc40a
838d91bf-5dc9-4861-8ca8-425f74cc6eca,39ace5a0-881a-4178-aa2b-2fd274ebc40a,17,3,2026-09-27T16:43:22.694686+00:00,d4a92ae2-6ecd-4043-8b5a-82414c597036,false,,,1,39ace5a0-881a-4178-aa2b-2fd274ebc40a,false,,false,,,,1,39ace5a0-881a-4178-aa2b-2fd274ebc40a
64493d7f-b29d-4a9b-8443-1f96e63f8af7,39ace5a0-881a-4178-aa2b-2fd274ebc40a,18,4,2026-09-27T16:43:22.694686+00:00,d4a92ae2-6ecd-4043-8b5a-82414c597036,false,,,1,39ace5a0-881a-4178-aa2b-2fd274ebc40a,false,,false,,,,1,39ace5a0-881a-4178-aa2b-2fd274ebc40a
72fccf07-3167-4895-a804-a61ebb56fee2,9fab0351-ea45-4762-a3b9-4d61ef1d99b9,3,4,2026-09-27T16:43:22.694686+00:00,d4a92ae2-6ecd-4043-8b5a-82414c597036,false,,,1,9fab0351-ea45-4762-a3b9-4d61ef1d99b9,false,,false,,,,1,9fab0351-ea45-4762-a3b9-4d61ef1d99b9
1549cede-e187-4945-a718-90e2a61f2d94,9fab0351-ea45-4762-a3b9-4d61ef1d99b9,4,4,2026-09-27T16:43:22.694686+00:00,d4a92ae2-6ecd-4043-8b5a-82414c597036,false,,,1,9fab0351-ea45-4762-a3b9-4d61ef1d99b9,false,,false,,,,1,9fab0351-ea45-4762-a3b9-4d61ef1d99b9
7c5a2910-aca2-4058-a532-ba6ac5583afc,9fab0351-ea45-4762-a3b9-4d61ef1d99b9,5,4,2026-09-27T16:43:22.694686+00:00,d4a92ae2-6ecd-4043-8b5a-82414c597036,false,,,1,9fab0351-ea45-4762-a3b9-4d61ef1d99b9,false,,false,,,,1,9fab0351-ea45-4762-a3b9-4d61ef1d99b9
caafee79-d1b2-4493-9f68-bc467d66e1c4,9fab0351-ea45-4762-a3b9-4d61ef1d99b9,6,6,2026-09-27T16:43:22.694686+00:00,d4a92ae2-6ecd-4043-8b5a-82414c597036,false,,,1,9fab0351-ea45-4762-a3b9-4d61ef1d99b9,false,,false,,,,1,9fab0351-ea45-4762-a3b9-4d61ef1d99b9
1d15af50-8386-4277-84af-796d65093d37,9fab0351-ea45-4762-a3b9-4d61ef1d99b9,7,5,2026-09-27T16:43:22.694686+00:00,d4a92ae2-6ecd-4043-8b5a-82414c597036,false,,,1,9fab0351-ea45-4762-a3b9-4d61ef1d99b9,false,,false,,,,1,9fab0351-ea45-4762-a3b9-4d61ef1d99b9
bc543fbf-0dee-4f86-a6de-445c81c0a278,9fab0351-ea45-4762-a3b9-4d61ef1d99b9,8,4,2026-09-27T16:43:22.694686+00:00,d4a92ae2-6ecd-4043-8b5a-82414c597036,false,,,1,9fab0351-ea45-4762-a3b9-4d61ef1d99b9,false,,false,,,,1,9fab0351-ea45-4762-a3b9-4d61ef1d99b9
0abcfb2d-b9fa-4405-93fd-cc8c44be6227,9fab0351-ea45-4762-a3b9-4d61ef1d99b9,9,6,2026-09-27T16:43:22.694686+00:00,d4a92ae2-6ecd-4043-8b5a-82414c597036,false,,,1,9fab0351-ea45-4762-a3b9-4d61ef1d99b9,false,,false,,,,1,9fab0351-ea45-4762-a3b9-4d61ef1d99b9
9750725b-e807-423e-9335-7b225781fd5c,9fab0351-ea45-4762-a3b9-4d61ef1d99b9,10,5,2026-09-27T16:43:22.694686+00:00,d4a92ae2-6ecd-4043-8b5a-82414c597036,false,,,1,9fab0351-ea45-4762-a3b9-4d61ef1d99b9,false,,false,,,,1,9fab0351-ea45-4762-a3b9-4d61ef1d99b9
bfa6817a-b540-424c-afe2-ee2e21eeabd1,9fab0351-ea45-4762-a3b9-4d61ef1d99b9,11,6,2026-09-27T16:43:22.694686+00:00,d4a92ae2-6ecd-4043-8b5a-82414c597036,false,,,1,9fab0351-ea45-4762-a3b9-4d61ef1d99b9,false,,false,,,,1,9fab0351-ea45-4762-a3b9-4d61ef1d99b9
63143860-aafc-40a1-944b-5c35be86e6f6,9fab0351-ea45-4762-a3b9-4d61ef1d99b9,12,5,2026-09-27T16:43:22.694686+00:00,d4a92ae2-6ecd-4043-8b5a-82414c597036,false,,,1,9fab0351-ea45-4762-a3b9-4d61ef1d99b9,false,,false,,,,1,9fab0351-ea45-4762-a3b9-4d61ef1d99b9
2400ebe7-bf17-4f9f-9843-17b05b24ce72,9fab0351-ea45-4762-a3b9-4d61ef1d99b9,13,4,2026-09-27T16:43:22.694686+00:00,d4a92ae2-6ecd-4043-8b5a-82414c597036,false,,,1,9fab0351-ea45-4762-a3b9-4d61ef1d99b9,false,,false,,,,1,9fab0351-ea45-4762-a3b9-4d61ef1d99b9
598e3eab-daf8-4648-9741-2bbff57bd789,9fab0351-ea45-4762-a3b9-4d61ef1d99b9,14,4,2026-09-27T16:43:22.694686+00:00,d4a92ae2-6ecd-4043-8b5a-82414c597036,false,,,1,9fab0351-ea45-4762-a3b9-4d61ef1d99b9,false,,false,,,,1,9fab0351-ea45-4762-a3b9-4d61ef1d99b9
dbb73969-8e2d-4e36-bd47-3fa0e1f7d808,9fab0351-ea45-4762-a3b9-4d61ef1d99b9,15,5,2026-09-27T16:43:22.694686+00:00,d4a92ae2-6ecd-4043-8b5a-82414c597036,false,,,1,9fab0351-ea45-4762-a3b9-4d61ef1d99b9,false,,false,,,,1,9fab0351-ea45-4762-a3b9-4d61ef1d99b9
b39c2c88-a2e6-4afb-8b92-15ff5698f284,9fab0351-ea45-4762-a3b9-4d61ef1d99b9,16,4,2026-09-27T16:43:22.694686+00:00,d4a92ae2-6ecd-4043-8b5a-82414c597036,false,,,1,9fab0351-ea45-4762-a3b9-4d61ef1d99b9,false,,false,,,,1,9fab0351-ea45-4762-a3b9-4d61ef1d99b9
6ab85757-8170-4800-b4df-8e34ab69ca41,08d26a81-b59d-4162-ad72-b07ee5d75c64,1,6,2026-09-27T12:52:56.252572+00:00,d4a92ae2-6ecd-4043-8b5a-82414c597036,false,,,1,08d26a81-b59d-4162-ad72-b07ee5d75c64,false,,false,,,,2,08d26a81-b59d-4162-ad72-b07ee5d75c64
b5b4a005-d828-45c1-9a5c-2baff8045bf2,84a783cc-96d7-494c-9413-5c6075d22010,1,5,2026-09-27T12:59:23.922221+00:00,d4a92ae2-6ecd-4043-8b5a-82414c597036,false,,,1,84a783cc-96d7-494c-9413-5c6075d22010,false,,false,,,,3,84a783cc-96d7-494c-9413-5c6075d22010
6147e775-3af6-49d7-b405-43a8534f1dfb,79fae2cb-e948-49a9-aa44-6bb1d4ea602b,14,4,2026-09-27T13:29:01.153437+00:00,d4a92ae2-6ecd-4043-8b5a-82414c597036,false,,,1,79fae2cb-e948-49a9-aa44-6bb1d4ea602b,false,,false,,,,3,79fae2cb-e948-49a9-aa44-6bb1d4ea602b
3cb032f8-a064-4714-8c84-6fc8c7696e5c,9fab0351-ea45-4762-a3b9-4d61ef1d99b9,17,2,2026-09-27T16:43:22.694686+00:00,d4a92ae2-6ecd-4043-8b5a-82414c597036,false,,,1,9fab0351-ea45-4762-a3b9-4d61ef1d99b9,false,,false,,,,1,9fab0351-ea45-4762-a3b9-4d61ef1d99b9
0568ffab-7807-419f-b907-5f589118508c,9fab0351-ea45-4762-a3b9-4d61ef1d99b9,18,6,2026-09-27T16:43:22.694686+00:00,d4a92ae2-6ecd-4043-8b5a-82414c597036,false,,,1,9fab0351-ea45-4762-a3b9-4d61ef1d99b9,false,,false,,,,1,9fab0351-ea45-4762-a3b9-4d61ef1d99b9
a4f1e50f-0ac9-4f87-a793-b5073bdc108f,c374f3e1-3ecb-45dd-a720-996aae83628e,2,5,2026-09-27T16:43:22.694686+00:00,d4a92ae2-6ecd-4043-8b5a-82414c597036,false,,,1,c374f3e1-3ecb-45dd-a720-996aae83628e,false,,false,,,,1,c374f3e1-3ecb-45dd-a720-996aae83628e
a5cdbc72-d6b1-43d7-bbcb-58a0cd14ece6,c374f3e1-3ecb-45dd-a720-996aae83628e,3,5,2026-09-27T16:43:22.694686+00:00,d4a92ae2-6ecd-4043-8b5a-82414c597036,false,,,1,c374f3e1-3ecb-45dd-a720-996aae83628e,false,,false,,,,1,c374f3e1-3ecb-45dd-a720-996aae83628e
3bcc240e-4fc6-4ff4-8d71-95afda1e27ae,c374f3e1-3ecb-45dd-a720-996aae83628e,4,6,2026-09-27T16:43:22.694686+00:00,d4a92ae2-6ecd-4043-8b5a-82414c597036,false,,,1,c374f3e1-3ecb-45dd-a720-996aae83628e,false,,false,,,,1,c374f3e1-3ecb-45dd-a720-996aae83628e
2a75d181-2479-473a-b529-35523ed35af1,c374f3e1-3ecb-45dd-a720-996aae83628e,5,5,2026-09-27T16:43:22.694686+00:00,d4a92ae2-6ecd-4043-8b5a-82414c597036,false,,,1,c374f3e1-3ecb-45dd-a720-996aae83628e,false,,false,,,,1,c374f3e1-3ecb-45dd-a720-996aae83628e
3b948553-729a-4e0f-9633-bb5a928decbf,c374f3e1-3ecb-45dd-a720-996aae83628e,6,13,2026-09-27T16:43:22.694686+00:00,d4a92ae2-6ecd-4043-8b5a-82414c597036,false,,,1,c374f3e1-3ecb-45dd-a720-996aae83628e,false,,false,,,,1,c374f3e1-3ecb-45dd-a720-996aae83628e
ebde78cf-d117-4a17-a222-06943454bba8,c374f3e1-3ecb-45dd-a720-996aae83628e,7,6,2026-09-27T16:43:22.694686+00:00,d4a92ae2-6ecd-4043-8b5a-82414c597036,false,,,1,c374f3e1-3ecb-45dd-a720-996aae83628e,false,,false,,,,1,c374f3e1-3ecb-45dd-a720-996aae83628e
09f39f04-e918-4922-80da-6aa9ba81dc21,c374f3e1-3ecb-45dd-a720-996aae83628e,8,7,2026-09-27T16:43:22.694686+00:00,d4a92ae2-6ecd-4043-8b5a-82414c597036,false,,,1,c374f3e1-3ecb-45dd-a720-996aae83628e,false,,false,,,,1,c374f3e1-3ecb-45dd-a720-996aae83628e
12a83ee2-ad21-4bb8-87df-6fb323e8fac8,c374f3e1-3ecb-45dd-a720-996aae83628e,9,12,2026-09-27T16:43:22.694686+00:00,d4a92ae2-6ecd-4043-8b5a-82414c597036,false,,,1,c374f3e1-3ecb-45dd-a720-996aae83628e,false,,false,,,,1,c374f3e1-3ecb-45dd-a720-996aae83628e
54af16d6-dd2a-4fc1-8dde-59ab6171d086,c374f3e1-3ecb-45dd-a720-996aae83628e,10,10,2026-09-27T16:43:22.694686+00:00,d4a92ae2-6ecd-4043-8b5a-82414c597036,false,,,1,c374f3e1-3ecb-45dd-a720-996aae83628e,false,,false,,,,1,c374f3e1-3ecb-45dd-a720-996aae83628e
fc035704-d7bc-4471-bf55-4305a9316109,c374f3e1-3ecb-45dd-a720-996aae83628e,11,11,2026-09-27T16:43:22.694686+00:00,d4a92ae2-6ecd-4043-8b5a-82414c597036,false,,,1,c374f3e1-3ecb-45dd-a720-996aae83628e,false,,false,,,,1,c374f3e1-3ecb-45dd-a720-996aae83628e
d5a8d0c1-8871-48e8-afb5-913c03b65a71,c374f3e1-3ecb-45dd-a720-996aae83628e,12,5,2026-09-27T16:43:22.694686+00:00,d4a92ae2-6ecd-4043-8b5a-82414c597036,false,,,1,c374f3e1-3ecb-45dd-a720-996aae83628e,false,,false,,,,1,c374f3e1-3ecb-45dd-a720-996aae83628e
377ce1bc-5bfd-4ff1-9446-68827eb5e825,c374f3e1-3ecb-45dd-a720-996aae83628e,13,4,2026-09-27T16:43:22.694686+00:00,d4a92ae2-6ecd-4043-8b5a-82414c597036,false,,,1,c374f3e1-3ecb-45dd-a720-996aae83628e,false,,false,,,,1,c374f3e1-3ecb-45dd-a720-996aae83628e
52944e65-db50-465e-9eb4-845ff11104ca,c374f3e1-3ecb-45dd-a720-996aae83628e,14,5,2026-09-27T16:43:22.694686+00:00,d4a92ae2-6ecd-4043-8b5a-82414c597036,false,,,1,c374f3e1-3ecb-45dd-a720-996aae83628e,false,,false,,,,1,c374f3e1-3ecb-45dd-a720-996aae83628e
48ea51fe-20e3-4fdf-a438-d98d565f929d,c374f3e1-3ecb-45dd-a720-996aae83628e,15,5,2026-09-27T16:43:22.694686+00:00,d4a92ae2-6ecd-4043-8b5a-82414c597036,false,,,1,c374f3e1-3ecb-45dd-a720-996aae83628e,false,,false,,,,1,c374f3e1-3ecb-45dd-a720-996aae83628e
d237c39f-acf2-439b-b296-cad1cc0ec770,c374f3e1-3ecb-45dd-a720-996aae83628e,16,6,2026-09-27T16:43:22.694686+00:00,d4a92ae2-6ecd-4043-8b5a-82414c597036,false,,,1,c374f3e1-3ecb-45dd-a720-996aae83628e,false,,false,,,,1,c374f3e1-3ecb-45dd-a720-996aae83628e
21a92775-74a0-4e3a-affc-c18b8e233cea,c374f3e1-3ecb-45dd-a720-996aae83628e,17,3,2026-09-27T16:43:22.694686+00:00,d4a92ae2-6ecd-4043-8b5a-82414c597036,false,,,1,c374f3e1-3ecb-45dd-a720-996aae83628e,false,,false,,,,1,c374f3e1-3ecb-45dd-a720-996aae83628e
d03ba910-7dd4-4bcb-8c6e-6fb765e06afb,c374f3e1-3ecb-45dd-a720-996aae83628e,18,6,2026-09-27T16:43:22.694686+00:00,d4a92ae2-6ecd-4043-8b5a-82414c597036,false,,,1,c374f3e1-3ecb-45dd-a720-996aae83628e,false,,false,,,,1,c374f3e1-3ecb-45dd-a720-996aae83628e
bc222357-c02c-4306-851d-a6e4536ba442,288cb02f-b30e-4cb3-8faf-08f5364d19fc,16,6,2026-09-27T16:40:20.462349+00:00,d4a92ae2-6ecd-4043-8b5a-82414c597036,false,,,1,288cb02f-b30e-4cb3-8faf-08f5364d19fc,false,,false,,,,3,288cb02f-b30e-4cb3-8faf-08f5364d19fc
0c92066a-eede-4871-8770-58a5fa99fe75,288cb02f-b30e-4cb3-8faf-08f5364d19fc,17,4,2026-09-27T16:40:20.462349+00:00,d4a92ae2-6ecd-4043-8b5a-82414c597036,false,,,1,288cb02f-b30e-4cb3-8faf-08f5364d19fc,false,,false,,,,3,288cb02f-b30e-4cb3-8faf-08f5364d19fc
7d4135c5-93fe-4339-b3e4-cc96e9e1bfe2,96b9b1f2-6aa1-4ce3-8602-db8885855df9,15,8,2026-09-27T13:09:19.376166+00:00,d4a92ae2-6ecd-4043-8b5a-82414c597036,false,,,1,96b9b1f2-6aa1-4ce3-8602-db8885855df9,false,,false,,,,2,96b9b1f2-6aa1-4ce3-8602-db8885855df9
c50fd54e-cf4c-42ea-9099-ca914f8da63c,fbc1c0c4-2815-4bdb-af5b-c0a7c4ebf642,7,4,2026-09-27T13:28:51.464722+00:00,d4a92ae2-6ecd-4043-8b5a-82414c597036,false,,,1,fbc1c0c4-2815-4bdb-af5b-c0a7c4ebf642,false,,false,,,,3,fbc1c0c4-2815-4bdb-af5b-c0a7c4ebf642
f506b121-37c3-416b-9b54-5c4f8c6166ac,fbc1c0c4-2815-4bdb-af5b-c0a7c4ebf642,8,6,2026-09-27T13:28:51.464722+00:00,d4a92ae2-6ecd-4043-8b5a-82414c597036,false,,,1,fbc1c0c4-2815-4bdb-af5b-c0a7c4ebf642,false,,false,,,,3,fbc1c0c4-2815-4bdb-af5b-c0a7c4ebf642
5ce224c1-3d88-4d40-ba83-43d9ec3f9b76,fbc1c0c4-2815-4bdb-af5b-c0a7c4ebf642,9,5,2026-09-27T13:28:51.464722+00:00,d4a92ae2-6ecd-4043-8b5a-82414c597036,false,,,1,fbc1c0c4-2815-4bdb-af5b-c0a7c4ebf642,false,,false,,,,3,fbc1c0c4-2815-4bdb-af5b-c0a7c4ebf642
0442be87-ccad-45a4-bfbe-cf277eafb554,fbc1c0c4-2815-4bdb-af5b-c0a7c4ebf642,10,6,2026-09-27T13:28:51.464722+00:00,d4a92ae2-6ecd-4043-8b5a-82414c597036,false,,,1,fbc1c0c4-2815-4bdb-af5b-c0a7c4ebf642,false,,false,,,,3,fbc1c0c4-2815-4bdb-af5b-c0a7c4ebf642
62261068-95e8-4d54-9b90-b37b1b6bc48e,fbc1c0c4-2815-4bdb-af5b-c0a7c4ebf642,12,4,2026-09-27T13:28:51.464722+00:00,d4a92ae2-6ecd-4043-8b5a-82414c597036,false,,,1,fbc1c0c4-2815-4bdb-af5b-c0a7c4ebf642,false,,false,,,,3,fbc1c0c4-2815-4bdb-af5b-c0a7c4ebf642
393db077-796b-435a-abc8-3d8e6beac8ae,fbc1c0c4-2815-4bdb-af5b-c0a7c4ebf642,16,4,2026-09-27T13:28:51.464722+00:00,d4a92ae2-6ecd-4043-8b5a-82414c597036,false,,,1,fbc1c0c4-2815-4bdb-af5b-c0a7c4ebf642,false,,false,,,,3,fbc1c0c4-2815-4bdb-af5b-c0a7c4ebf642
6486f1f6-e738-4ee4-bdc5-e94734d99e76,fbc1c0c4-2815-4bdb-af5b-c0a7c4ebf642,17,3,2026-09-27T13:28:51.464722+00:00,d4a92ae2-6ecd-4043-8b5a-82414c597036,false,,,1,fbc1c0c4-2815-4bdb-af5b-c0a7c4ebf642,false,,false,,,,3,fbc1c0c4-2815-4bdb-af5b-c0a7c4ebf642
d893e6d9-c970-415f-988b-5ce417916bb2,fbc1c0c4-2815-4bdb-af5b-c0a7c4ebf642,18,5,2026-09-27T13:28:51.464722+00:00,d4a92ae2-6ecd-4043-8b5a-82414c597036,false,,,1,fbc1c0c4-2815-4bdb-af5b-c0a7c4ebf642,false,,false,,,,3,fbc1c0c4-2815-4bdb-af5b-c0a7c4ebf642
f4680527-fc29-43ab-974c-2c33eaf4fcbb,79fae2cb-e948-49a9-aa44-6bb1d4ea602b,13,2,2026-09-27T13:29:01.153437+00:00,d4a92ae2-6ecd-4043-8b5a-82414c597036,false,,,1,79fae2cb-e948-49a9-aa44-6bb1d4ea602b,false,,false,,,,3,79fae2cb-e948-49a9-aa44-6bb1d4ea602b
bca4a992-4e4b-47ea-aaee-1f8bf321d18c,79fae2cb-e948-49a9-aa44-6bb1d4ea602b,17,4,2026-09-27T13:29:01.153437+00:00,d4a92ae2-6ecd-4043-8b5a-82414c597036,false,,,1,79fae2cb-e948-49a9-aa44-6bb1d4ea602b,false,,false,,,,3,79fae2cb-e948-49a9-aa44-6bb1d4ea602b
04019b90-53df-48a8-997f-cdb7092e8a88,79fae2cb-e948-49a9-aa44-6bb1d4ea602b,18,3,2026-09-27T13:29:01.153437+00:00,d4a92ae2-6ecd-4043-8b5a-82414c597036,false,,,1,79fae2cb-e948-49a9-aa44-6bb1d4ea602b,false,,false,,,,3,79fae2cb-e948-49a9-aa44-6bb1d4ea602b
95d2a5fd-68b1-4939-919d-722ecfc8f3f3,288cb02f-b30e-4cb3-8faf-08f5364d19fc,18,7,2026-09-27T16:40:20.462349+00:00,d4a92ae2-6ecd-4043-8b5a-82414c597036,false,,,1,288cb02f-b30e-4cb3-8faf-08f5364d19fc,false,,false,,,,3,288cb02f-b30e-4cb3-8faf-08f5364d19fc
0458609e-2a01-4fc3-a9bf-0164733fdc04,9fab0351-ea45-4762-a3b9-4d61ef1d99b9,1,5,2026-09-27T16:40:20.462349+00:00,d4a92ae2-6ecd-4043-8b5a-82414c597036,false,,,1,9fab0351-ea45-4762-a3b9-4d61ef1d99b9,false,,false,,,,3,9fab0351-ea45-4762-a3b9-4d61ef1d99b9
f095fb47-0e18-4de8-92fc-33d6836caea4,9fab0351-ea45-4762-a3b9-4d61ef1d99b9,3,3,2026-09-27T16:40:20.462349+00:00,d4a92ae2-6ecd-4043-8b5a-82414c597036,false,,,1,9fab0351-ea45-4762-a3b9-4d61ef1d99b9,false,,false,,,,3,9fab0351-ea45-4762-a3b9-4d61ef1d99b9
374a2cf7-3460-4a94-bc0f-c9c72941f5ed,9fab0351-ea45-4762-a3b9-4d61ef1d99b9,4,4,2026-09-27T16:40:20.462349+00:00,d4a92ae2-6ecd-4043-8b5a-82414c597036,false,,,1,9fab0351-ea45-4762-a3b9-4d61ef1d99b9,false,,false,,,,3,9fab0351-ea45-4762-a3b9-4d61ef1d99b9
8c5aae43-4158-4355-bc60-d67cb0a0d29c,9fab0351-ea45-4762-a3b9-4d61ef1d99b9,5,3,2026-09-27T16:40:20.462349+00:00,d4a92ae2-6ecd-4043-8b5a-82414c597036,false,,,1,9fab0351-ea45-4762-a3b9-4d61ef1d99b9,false,,false,,,,3,9fab0351-ea45-4762-a3b9-4d61ef1d99b9
a08b98d0-5123-40aa-94cd-4cc0fb84911c,9fab0351-ea45-4762-a3b9-4d61ef1d99b9,6,5,2026-09-27T16:40:20.462349+00:00,d4a92ae2-6ecd-4043-8b5a-82414c597036,false,,,1,9fab0351-ea45-4762-a3b9-4d61ef1d99b9,false,,false,,,,3,9fab0351-ea45-4762-a3b9-4d61ef1d99b9
ca9d63bc-5486-4480-95eb-7045b7889acb,9fab0351-ea45-4762-a3b9-4d61ef1d99b9,7,5,2026-09-27T16:40:20.462349+00:00,d4a92ae2-6ecd-4043-8b5a-82414c597036,false,,,1,9fab0351-ea45-4762-a3b9-4d61ef1d99b9,false,,false,,,,3,9fab0351-ea45-4762-a3b9-4d61ef1d99b9
64a4a550-8573-461e-be85-080cba262402,9fab0351-ea45-4762-a3b9-4d61ef1d99b9,8,4,2026-09-27T16:40:20.462349+00:00,d4a92ae2-6ecd-4043-8b5a-82414c597036,false,,,1,9fab0351-ea45-4762-a3b9-4d61ef1d99b9,false,,false,,,,3,9fab0351-ea45-4762-a3b9-4d61ef1d99b9
c720146e-a8a3-4ef6-bd27-6671848a1484,9fab0351-ea45-4762-a3b9-4d61ef1d99b9,9,4,2026-09-27T16:40:20.462349+00:00,d4a92ae2-6ecd-4043-8b5a-82414c597036,false,,,1,9fab0351-ea45-4762-a3b9-4d61ef1d99b9,false,,false,,,,3,9fab0351-ea45-4762-a3b9-4d61ef1d99b9
2dee0e34-7bc9-43a9-81ea-7f773d453eae,9fab0351-ea45-4762-a3b9-4d61ef1d99b9,10,5,2026-09-27T16:40:20.462349+00:00,d4a92ae2-6ecd-4043-8b5a-82414c597036,false,,,1,9fab0351-ea45-4762-a3b9-4d61ef1d99b9,false,,false,,,,3,9fab0351-ea45-4762-a3b9-4d61ef1d99b9
8e693c27-fd85-41e4-bd1d-4ae550f331db,9fab0351-ea45-4762-a3b9-4d61ef1d99b9,11,5,2026-09-27T16:40:20.462349+00:00,d4a92ae2-6ecd-4043-8b5a-82414c597036,false,,,1,9fab0351-ea45-4762-a3b9-4d61ef1d99b9,false,,false,,,,3,9fab0351-ea45-4762-a3b9-4d61ef1d99b9
c2514c92-5088-4c2b-8b4e-8a96eee5aaf0,9fab0351-ea45-4762-a3b9-4d61ef1d99b9,12,4,2026-09-27T16:40:20.462349+00:00,d4a92ae2-6ecd-4043-8b5a-82414c597036,false,,,1,9fab0351-ea45-4762-a3b9-4d61ef1d99b9,false,,false,,,,3,9fab0351-ea45-4762-a3b9-4d61ef1d99b9
0fcd08c0-c89e-4d0d-b33c-9d87b156ef65,9fab0351-ea45-4762-a3b9-4d61ef1d99b9,13,3,2026-09-27T16:40:20.462349+00:00,d4a92ae2-6ecd-4043-8b5a-82414c597036,false,,,1,9fab0351-ea45-4762-a3b9-4d61ef1d99b9,false,,false,,,,3,9fab0351-ea45-4762-a3b9-4d61ef1d99b9
a303bc4a-69aa-45c8-a252-ea88d5ef6071,9fab0351-ea45-4762-a3b9-4d61ef1d99b9,14,5,2026-09-27T16:40:20.462349+00:00,d4a92ae2-6ecd-4043-8b5a-82414c597036,false,,,1,9fab0351-ea45-4762-a3b9-4d61ef1d99b9,false,,false,,,,3,9fab0351-ea45-4762-a3b9-4d61ef1d99b9
6bbbb792-2056-4e18-9c2a-5e4686dfa1c7,9fab0351-ea45-4762-a3b9-4d61ef1d99b9,15,4,2026-09-27T16:40:20.462349+00:00,d4a92ae2-6ecd-4043-8b5a-82414c597036,false,,,1,9fab0351-ea45-4762-a3b9-4d61ef1d99b9,false,,false,,,,3,9fab0351-ea45-4762-a3b9-4d61ef1d99b9
d9ce450f-6b7c-47a1-95e8-fa77eb054935,9fab0351-ea45-4762-a3b9-4d61ef1d99b9,16,4,2026-09-27T16:40:20.462349+00:00,d4a92ae2-6ecd-4043-8b5a-82414c597036,false,,,1,9fab0351-ea45-4762-a3b9-4d61ef1d99b9,false,,false,,,,3,9fab0351-ea45-4762-a3b9-4d61ef1d99b9
cface3c2-3967-4b36-802c-4a46534b5e0b,9fab0351-ea45-4762-a3b9-4d61ef1d99b9,17,4,2026-09-27T16:40:20.462349+00:00,d4a92ae2-6ecd-4043-8b5a-82414c597036,false,,,1,9fab0351-ea45-4762-a3b9-4d61ef1d99b9,false,,false,,,,3,9fab0351-ea45-4762-a3b9-4d61ef1d99b9
9deee2f2-310d-44f9-8993-159a43457a86,9fab0351-ea45-4762-a3b9-4d61ef1d99b9,18,4,2026-09-27T16:40:20.462349+00:00,d4a92ae2-6ecd-4043-8b5a-82414c597036,false,,,1,9fab0351-ea45-4762-a3b9-4d61ef1d99b9,false,,false,,,,3,9fab0351-ea45-4762-a3b9-4d61ef1d99b9
451e3617-5379-4042-a40b-f8743e7c1ee4,0b2be1cc-3241-4cfe-9af6-0b92a5582cec,2,5,2026-09-27T16:40:20.462349+00:00,d4a92ae2-6ecd-4043-8b5a-82414c597036,false,,,1,0b2be1cc-3241-4cfe-9af6-0b92a5582cec,false,,false,,,,3,0b2be1cc-3241-4cfe-9af6-0b92a5582cec
abd312bd-42ad-4884-b737-924bccf73949,0b2be1cc-3241-4cfe-9af6-0b92a5582cec,3,3,2026-09-27T16:40:20.462349+00:00,d4a92ae2-6ecd-4043-8b5a-82414c597036,false,,,1,0b2be1cc-3241-4cfe-9af6-0b92a5582cec,false,,false,,,,3,0b2be1cc-3241-4cfe-9af6-0b92a5582cec
094c59ec-6c5c-4f83-ae81-834e1f97fb51,0b2be1cc-3241-4cfe-9af6-0b92a5582cec,4,6,2026-09-27T16:40:20.462349+00:00,d4a92ae2-6ecd-4043-8b5a-82414c597036,false,,,1,0b2be1cc-3241-4cfe-9af6-0b92a5582cec,false,,false,,,,3,0b2be1cc-3241-4cfe-9af6-0b92a5582cec
472358f9-9a66-4381-a704-379920cecb7a,0b2be1cc-3241-4cfe-9af6-0b92a5582cec,5,4,2026-09-27T16:40:20.462349+00:00,d4a92ae2-6ecd-4043-8b5a-82414c597036,false,,,1,0b2be1cc-3241-4cfe-9af6-0b92a5582cec,false,,false,,,,3,0b2be1cc-3241-4cfe-9af6-0b92a5582cec
40f084ae-c68e-47b2-a5e8-8bc9aa0352fd,0b2be1cc-3241-4cfe-9af6-0b92a5582cec,6,5,2026-09-27T16:40:20.462349+00:00,d4a92ae2-6ecd-4043-8b5a-82414c597036,false,,,1,0b2be1cc-3241-4cfe-9af6-0b92a5582cec,false,,false,,,,3,0b2be1cc-3241-4cfe-9af6-0b92a5582cec
fe4876ec-6959-4944-b8e0-d554366758ae,0b2be1cc-3241-4cfe-9af6-0b92a5582cec,7,4,2026-09-27T16:40:20.462349+00:00,d4a92ae2-6ecd-4043-8b5a-82414c597036,false,,,1,0b2be1cc-3241-4cfe-9af6-0b92a5582cec,false,,false,,,,3,0b2be1cc-3241-4cfe-9af6-0b92a5582cec
ef6a75bc-01b0-4a1a-931f-73f0a9a902e0,0b2be1cc-3241-4cfe-9af6-0b92a5582cec,8,5,2026-09-27T16:40:20.462349+00:00,d4a92ae2-6ecd-4043-8b5a-82414c597036,false,,,1,0b2be1cc-3241-4cfe-9af6-0b92a5582cec,false,,false,,,,3,0b2be1cc-3241-4cfe-9af6-0b92a5582cec
4b6705a8-e36c-47a3-b024-bb072c871999,0b2be1cc-3241-4cfe-9af6-0b92a5582cec,9,4,2026-09-27T16:40:20.462349+00:00,d4a92ae2-6ecd-4043-8b5a-82414c597036,false,,,1,0b2be1cc-3241-4cfe-9af6-0b92a5582cec,false,,false,,,,3,0b2be1cc-3241-4cfe-9af6-0b92a5582cec
d6e7ff29-48cf-48d3-b4b4-88a19c51d408,0b2be1cc-3241-4cfe-9af6-0b92a5582cec,10,6,2026-09-27T16:40:20.462349+00:00,d4a92ae2-6ecd-4043-8b5a-82414c597036,false,,,1,0b2be1cc-3241-4cfe-9af6-0b92a5582cec,false,,false,,,,3,0b2be1cc-3241-4cfe-9af6-0b92a5582cec
16f1876b-582c-4e60-82ae-80bf072521ec,0b2be1cc-3241-4cfe-9af6-0b92a5582cec,11,6,2026-09-27T16:40:20.462349+00:00,d4a92ae2-6ecd-4043-8b5a-82414c597036,false,,,1,0b2be1cc-3241-4cfe-9af6-0b92a5582cec,false,,false,,,,3,0b2be1cc-3241-4cfe-9af6-0b92a5582cec
d74a3b00-c7f0-43ad-9a7e-57792fd38847,0b2be1cc-3241-4cfe-9af6-0b92a5582cec,12,4,2026-09-27T16:40:20.462349+00:00,d4a92ae2-6ecd-4043-8b5a-82414c597036,false,,,1,0b2be1cc-3241-4cfe-9af6-0b92a5582cec,false,,false,,,,3,0b2be1cc-3241-4cfe-9af6-0b92a5582cec
0c679c45-0562-4fe7-8302-ac96f5b490a8,0b2be1cc-3241-4cfe-9af6-0b92a5582cec,13,2,2026-09-27T16:40:20.462349+00:00,d4a92ae2-6ecd-4043-8b5a-82414c597036,false,,,1,0b2be1cc-3241-4cfe-9af6-0b92a5582cec,false,,false,,,,3,0b2be1cc-3241-4cfe-9af6-0b92a5582cec
7b7947be-9573-4aab-a463-173e9c6d4e4b,0b2be1cc-3241-4cfe-9af6-0b92a5582cec,14,3,2026-09-27T16:40:20.462349+00:00,d4a92ae2-6ecd-4043-8b5a-82414c597036,false,,,1,0b2be1cc-3241-4cfe-9af6-0b92a5582cec,false,,false,,,,3,0b2be1cc-3241-4cfe-9af6-0b92a5582cec
613a92c2-1e1b-4f7d-a539-d082779dde05,0b2be1cc-3241-4cfe-9af6-0b92a5582cec,15,4,2026-09-27T16:40:20.462349+00:00,d4a92ae2-6ecd-4043-8b5a-82414c597036,false,,,1,0b2be1cc-3241-4cfe-9af6-0b92a5582cec,false,,false,,,,3,0b2be1cc-3241-4cfe-9af6-0b92a5582cec
d1b2fb4e-e98f-4f69-a0a2-1472cd496f1d,0b2be1cc-3241-4cfe-9af6-0b92a5582cec,16,5,2026-09-27T16:40:20.462349+00:00,d4a92ae2-6ecd-4043-8b5a-82414c597036,false,,,1,0b2be1cc-3241-4cfe-9af6-0b92a5582cec,false,,false,,,,3,0b2be1cc-3241-4cfe-9af6-0b92a5582cec
2133929c-419f-4789-9076-563076ea4238,0b2be1cc-3241-4cfe-9af6-0b92a5582cec,17,4,2026-09-27T16:40:20.462349+00:00,d4a92ae2-6ecd-4043-8b5a-82414c597036,false,,,1,0b2be1cc-3241-4cfe-9af6-0b92a5582cec,false,,false,,,,3,0b2be1cc-3241-4cfe-9af6-0b92a5582cec
9b04fff3-bfb6-45a9-9f28-5880fce97d70,0b2be1cc-3241-4cfe-9af6-0b92a5582cec,18,5,2026-09-27T16:40:20.462349+00:00,d4a92ae2-6ecd-4043-8b5a-82414c597036,false,,,1,0b2be1cc-3241-4cfe-9af6-0b92a5582cec,false,,false,,,,3,0b2be1cc-3241-4cfe-9af6-0b92a5582cec
05e4513f-d9a9-4b90-b439-de4a14dd1c11,6c31fd00-3f0e-406d-8145-ddca8aad7a11,2,5,2026-09-27T16:40:20.462349+00:00,d4a92ae2-6ecd-4043-8b5a-82414c597036,false,,,1,6c31fd00-3f0e-406d-8145-ddca8aad7a11,false,,false,,,,3,6c31fd00-3f0e-406d-8145-ddca8aad7a11
4836767e-a681-41f7-a3f0-efdf4e59a522,6c31fd00-3f0e-406d-8145-ddca8aad7a11,3,2,2026-09-27T16:40:20.462349+00:00,d4a92ae2-6ecd-4043-8b5a-82414c597036,false,,,1,6c31fd00-3f0e-406d-8145-ddca8aad7a11,false,,false,,,,3,6c31fd00-3f0e-406d-8145-ddca8aad7a11
14ccee42-d8a9-465a-a769-7112dff1ba97,6c31fd00-3f0e-406d-8145-ddca8aad7a11,4,4,2026-09-27T16:40:20.462349+00:00,d4a92ae2-6ecd-4043-8b5a-82414c597036,false,,,1,6c31fd00-3f0e-406d-8145-ddca8aad7a11,false,,false,,,,3,6c31fd00-3f0e-406d-8145-ddca8aad7a11
61b2beee-5dbf-49bf-9756-534a8f4f0277,6c31fd00-3f0e-406d-8145-ddca8aad7a11,5,4,2026-09-27T16:40:20.462349+00:00,d4a92ae2-6ecd-4043-8b5a-82414c597036,false,,,1,6c31fd00-3f0e-406d-8145-ddca8aad7a11,false,,false,,,,3,6c31fd00-3f0e-406d-8145-ddca8aad7a11
a57f5d6a-dcd7-4178-9177-bb004ffa766f,6c31fd00-3f0e-406d-8145-ddca8aad7a11,6,7,2026-09-27T16:40:20.462349+00:00,d4a92ae2-6ecd-4043-8b5a-82414c597036,false,,,1,6c31fd00-3f0e-406d-8145-ddca8aad7a11,false,,false,,,,3,6c31fd00-3f0e-406d-8145-ddca8aad7a11
40fcf312-6718-46a4-bd34-d6256b0d8fb8,6c31fd00-3f0e-406d-8145-ddca8aad7a11,7,5,2026-09-27T16:40:20.462349+00:00,d4a92ae2-6ecd-4043-8b5a-82414c597036,false,,,1,6c31fd00-3f0e-406d-8145-ddca8aad7a11,false,,false,,,,3,6c31fd00-3f0e-406d-8145-ddca8aad7a11
65d2b594-7aba-49db-b715-1a3a9679f372,6c31fd00-3f0e-406d-8145-ddca8aad7a11,8,7,2026-09-27T16:40:20.462349+00:00,d4a92ae2-6ecd-4043-8b5a-82414c597036,false,,,1,6c31fd00-3f0e-406d-8145-ddca8aad7a11,false,,false,,,,3,6c31fd00-3f0e-406d-8145-ddca8aad7a11
abf68657-6503-4a39-8b1b-aa29c7dcf26a,6c31fd00-3f0e-406d-8145-ddca8aad7a11,9,5,2026-09-27T16:40:20.462349+00:00,d4a92ae2-6ecd-4043-8b5a-82414c597036,false,,,1,6c31fd00-3f0e-406d-8145-ddca8aad7a11,false,,false,,,,3,6c31fd00-3f0e-406d-8145-ddca8aad7a11
ffd2df93-ef3c-4735-9e72-28b91fb7e5f2,6c31fd00-3f0e-406d-8145-ddca8aad7a11,10,6,2026-09-27T16:40:20.462349+00:00,d4a92ae2-6ecd-4043-8b5a-82414c597036,false,,,1,6c31fd00-3f0e-406d-8145-ddca8aad7a11,false,,false,,,,3,6c31fd00-3f0e-406d-8145-ddca8aad7a11
cfb7515c-7206-431a-9841-09c8d1e0c658,6c31fd00-3f0e-406d-8145-ddca8aad7a11,11,7,2026-09-27T16:40:20.462349+00:00,d4a92ae2-6ecd-4043-8b5a-82414c597036,false,,,1,6c31fd00-3f0e-406d-8145-ddca8aad7a11,false,,false,,,,3,6c31fd00-3f0e-406d-8145-ddca8aad7a11
b6c637aa-c213-45a9-ba24-297ae4a7dddd,6c31fd00-3f0e-406d-8145-ddca8aad7a11,12,5,2026-09-27T16:40:20.462349+00:00,d4a92ae2-6ecd-4043-8b5a-82414c597036,false,,,1,6c31fd00-3f0e-406d-8145-ddca8aad7a11,false,,false,,,,3,6c31fd00-3f0e-406d-8145-ddca8aad7a11
6dc4a457-f7e1-4151-9899-0acb44e29a2c,6c31fd00-3f0e-406d-8145-ddca8aad7a11,13,4,2026-09-27T16:40:20.462349+00:00,d4a92ae2-6ecd-4043-8b5a-82414c597036,false,,,1,6c31fd00-3f0e-406d-8145-ddca8aad7a11,false,,false,,,,3,6c31fd00-3f0e-406d-8145-ddca8aad7a11
b4151420-2371-4692-ad36-15e030d3f395,6c31fd00-3f0e-406d-8145-ddca8aad7a11,14,9,2026-09-27T16:40:20.462349+00:00,d4a92ae2-6ecd-4043-8b5a-82414c597036,false,,,1,6c31fd00-3f0e-406d-8145-ddca8aad7a11,false,,false,,,,3,6c31fd00-3f0e-406d-8145-ddca8aad7a11
46af5fd8-0552-465a-a3d0-3cbbaf452e7c,6c31fd00-3f0e-406d-8145-ddca8aad7a11,15,3,2026-09-27T16:40:20.462349+00:00,d4a92ae2-6ecd-4043-8b5a-82414c597036,false,,,1,6c31fd00-3f0e-406d-8145-ddca8aad7a11,false,,false,,,,3,6c31fd00-3f0e-406d-8145-ddca8aad7a11
ee631a9c-26c0-452e-8cc1-036ea6c92088,6c31fd00-3f0e-406d-8145-ddca8aad7a11,16,4,2026-09-27T16:40:20.462349+00:00,d4a92ae2-6ecd-4043-8b5a-82414c597036,false,,,1,6c31fd00-3f0e-406d-8145-ddca8aad7a11,false,,false,,,,3,6c31fd00-3f0e-406d-8145-ddca8aad7a11
288f1c30-6229-4a38-8697-feb71a8bd196,6c31fd00-3f0e-406d-8145-ddca8aad7a11,17,3,2026-09-27T16:40:20.462349+00:00,d4a92ae2-6ecd-4043-8b5a-82414c597036,false,,,1,6c31fd00-3f0e-406d-8145-ddca8aad7a11,false,,false,,,,3,6c31fd00-3f0e-406d-8145-ddca8aad7a11
162595b8-1445-496f-8153-c9f8fb34737a,6c31fd00-3f0e-406d-8145-ddca8aad7a11,18,5,2026-09-27T16:40:20.462349+00:00,d4a92ae2-6ecd-4043-8b5a-82414c597036,false,,,1,6c31fd00-3f0e-406d-8145-ddca8aad7a11,false,,false,,,,3,6c31fd00-3f0e-406d-8145-ddca8aad7a11
0776a30e-e8a8-404c-b4cd-6358e91b88d3,c374f3e1-3ecb-45dd-a720-996aae83628e,1,7,2026-09-27T16:40:20.462349+00:00,d4a92ae2-6ecd-4043-8b5a-82414c597036,false,,,1,c374f3e1-3ecb-45dd-a720-996aae83628e,false,,false,,,,3,c374f3e1-3ecb-45dd-a720-996aae83628e
f20d4c4a-d85c-497c-840e-9d77ca55f82c,c374f3e1-3ecb-45dd-a720-996aae83628e,2,7,2026-09-27T16:40:20.462349+00:00,d4a92ae2-6ecd-4043-8b5a-82414c597036,false,,,1,c374f3e1-3ecb-45dd-a720-996aae83628e,false,,false,,,,3,c374f3e1-3ecb-45dd-a720-996aae83628e
f0228d82-56fa-4b81-b746-ab1d2f8b089d,c374f3e1-3ecb-45dd-a720-996aae83628e,3,4,2026-09-27T16:40:20.462349+00:00,d4a92ae2-6ecd-4043-8b5a-82414c597036,false,,,1,c374f3e1-3ecb-45dd-a720-996aae83628e,false,,false,,,,3,c374f3e1-3ecb-45dd-a720-996aae83628e
917ac78c-1826-4a84-9181-85c7d6927db0,c374f3e1-3ecb-45dd-a720-996aae83628e,4,6,2026-09-27T16:40:20.462349+00:00,d4a92ae2-6ecd-4043-8b5a-82414c597036,false,,,1,c374f3e1-3ecb-45dd-a720-996aae83628e,false,,false,,,,3,c374f3e1-3ecb-45dd-a720-996aae83628e
578a8a74-85fb-41e1-9967-ce42fb06f9a0,c374f3e1-3ecb-45dd-a720-996aae83628e,5,4,2026-09-27T16:40:20.462349+00:00,d4a92ae2-6ecd-4043-8b5a-82414c597036,false,,,1,c374f3e1-3ecb-45dd-a720-996aae83628e,false,,false,,,,3,c374f3e1-3ecb-45dd-a720-996aae83628e
690467d1-85fc-4032-aa6d-6ce8a3cc1b00,c374f3e1-3ecb-45dd-a720-996aae83628e,6,10,2026-09-27T16:40:20.462349+00:00,d4a92ae2-6ecd-4043-8b5a-82414c597036,false,,,1,c374f3e1-3ecb-45dd-a720-996aae83628e,false,,false,,,,3,c374f3e1-3ecb-45dd-a720-996aae83628e
42733419-1356-4f51-9aa6-e36c40ab3670,c374f3e1-3ecb-45dd-a720-996aae83628e,7,7,2026-09-27T16:40:20.462349+00:00,d4a92ae2-6ecd-4043-8b5a-82414c597036,false,,,1,c374f3e1-3ecb-45dd-a720-996aae83628e,false,,false,,,,3,c374f3e1-3ecb-45dd-a720-996aae83628e
9898b2ab-48f1-42aa-9fc0-57e3961481b1,c374f3e1-3ecb-45dd-a720-996aae83628e,8,7,2026-09-27T16:40:20.462349+00:00,d4a92ae2-6ecd-4043-8b5a-82414c597036,false,,,1,c374f3e1-3ecb-45dd-a720-996aae83628e,false,,false,,,,3,c374f3e1-3ecb-45dd-a720-996aae83628e
ab89b18b-f842-46a6-9298-765b621f58c0,c374f3e1-3ecb-45dd-a720-996aae83628e,9,6,2026-09-27T16:40:20.462349+00:00,d4a92ae2-6ecd-4043-8b5a-82414c597036,false,,,1,c374f3e1-3ecb-45dd-a720-996aae83628e,false,,false,,,,3,c374f3e1-3ecb-45dd-a720-996aae83628e
55b6dcae-1a80-49b5-a073-2c7ebf4677cd,c374f3e1-3ecb-45dd-a720-996aae83628e,10,9,2026-09-27T16:40:20.462349+00:00,d4a92ae2-6ecd-4043-8b5a-82414c597036,false,,,1,c374f3e1-3ecb-45dd-a720-996aae83628e,false,,false,,,,3,c374f3e1-3ecb-45dd-a720-996aae83628e
30d007f0-a39a-4af9-adc9-2a4d43cc187f,c374f3e1-3ecb-45dd-a720-996aae83628e,11,7,2026-09-27T16:40:20.462349+00:00,d4a92ae2-6ecd-4043-8b5a-82414c597036,false,,,1,c374f3e1-3ecb-45dd-a720-996aae83628e,false,,false,,,,3,c374f3e1-3ecb-45dd-a720-996aae83628e
cd2bf7c7-86a7-4511-86d6-ce99a9680786,c374f3e1-3ecb-45dd-a720-996aae83628e,12,7,2026-09-27T16:40:20.462349+00:00,d4a92ae2-6ecd-4043-8b5a-82414c597036,false,,,1,c374f3e1-3ecb-45dd-a720-996aae83628e,false,,false,,,,3,c374f3e1-3ecb-45dd-a720-996aae83628e
edd44089-37f9-4c54-83fe-df649327171b,c374f3e1-3ecb-45dd-a720-996aae83628e,13,5,2026-09-27T16:40:20.462349+00:00,d4a92ae2-6ecd-4043-8b5a-82414c597036,false,,,1,c374f3e1-3ecb-45dd-a720-996aae83628e,false,,false,,,,3,c374f3e1-3ecb-45dd-a720-996aae83628e
9720f41a-cb6e-428e-a12d-e2f12fb1d789,c374f3e1-3ecb-45dd-a720-996aae83628e,14,6,2026-09-27T16:40:20.462349+00:00,d4a92ae2-6ecd-4043-8b5a-82414c597036,false,,,1,c374f3e1-3ecb-45dd-a720-996aae83628e,false,,false,,,,3,c374f3e1-3ecb-45dd-a720-996aae83628e
e3c12e90-a615-4ae4-b179-22d97d4f8059,c374f3e1-3ecb-45dd-a720-996aae83628e,15,7,2026-09-27T16:40:20.462349+00:00,d4a92ae2-6ecd-4043-8b5a-82414c597036,false,,,1,c374f3e1-3ecb-45dd-a720-996aae83628e,false,,false,,,,3,c374f3e1-3ecb-45dd-a720-996aae83628e
77cde656-4f76-412a-989d-617c564570f1,c374f3e1-3ecb-45dd-a720-996aae83628e,16,5,2026-09-27T16:40:20.462349+00:00,d4a92ae2-6ecd-4043-8b5a-82414c597036,false,,,1,c374f3e1-3ecb-45dd-a720-996aae83628e,false,,false,,,,3,c374f3e1-3ecb-45dd-a720-996aae83628e
7d1f2cd8-c32a-4ddf-a8cf-23a47b83c8d5,c374f3e1-3ecb-45dd-a720-996aae83628e,17,3,2026-09-27T16:40:20.462349+00:00,d4a92ae2-6ecd-4043-8b5a-82414c597036,false,,,1,c374f3e1-3ecb-45dd-a720-996aae83628e,false,,false,,,,3,c374f3e1-3ecb-45dd-a720-996aae83628e
8cad4517-eb30-4f1d-a161-1fda85cbffdc,c374f3e1-3ecb-45dd-a720-996aae83628e,18,7,2026-09-27T16:40:20.462349+00:00,d4a92ae2-6ecd-4043-8b5a-82414c597036,false,,,1,c374f3e1-3ecb-45dd-a720-996aae83628e,false,,false,,,,3,c374f3e1-3ecb-45dd-a720-996aae83628e
3ef787f9-9d4d-4548-a078-2cd50355d6f3,84a783cc-96d7-494c-9413-5c6075d22010,2,5,2026-09-27T16:40:20.462349+00:00,d4a92ae2-6ecd-4043-8b5a-82414c597036,false,,,1,84a783cc-96d7-494c-9413-5c6075d22010,false,,false,,,,3,84a783cc-96d7-494c-9413-5c6075d22010
36ae7264-a9e6-4cb3-9c3e-43dba4dc6af3,84a783cc-96d7-494c-9413-5c6075d22010,3,3,2026-09-27T16:40:20.462349+00:00,d4a92ae2-6ecd-4043-8b5a-82414c597036,false,,,1,84a783cc-96d7-494c-9413-5c6075d22010,false,,false,,,,3,84a783cc-96d7-494c-9413-5c6075d22010
1e61fbe4-22c0-4e32-a5b5-60ae66d645a7,84a783cc-96d7-494c-9413-5c6075d22010,4,4,2026-09-27T16:40:20.462349+00:00,d4a92ae2-6ecd-4043-8b5a-82414c597036,false,,,1,84a783cc-96d7-494c-9413-5c6075d22010,false,,false,,,,3,84a783cc-96d7-494c-9413-5c6075d22010
d692d96d-d1e9-4f85-a45d-23247f0479e7,84a783cc-96d7-494c-9413-5c6075d22010,5,2,2026-09-27T16:40:20.462349+00:00,d4a92ae2-6ecd-4043-8b5a-82414c597036,false,,,1,84a783cc-96d7-494c-9413-5c6075d22010,false,,false,,,,3,84a783cc-96d7-494c-9413-5c6075d22010
e8b4b598-90ac-43a5-b7a6-5d1ed6d6034f,84a783cc-96d7-494c-9413-5c6075d22010,6,5,2026-09-27T16:40:20.462349+00:00,d4a92ae2-6ecd-4043-8b5a-82414c597036,false,,,1,84a783cc-96d7-494c-9413-5c6075d22010,false,,false,,,,3,84a783cc-96d7-494c-9413-5c6075d22010
c03cd938-e134-40d5-9399-cab5b7deeddb,84a783cc-96d7-494c-9413-5c6075d22010,7,4,2026-09-27T16:40:20.462349+00:00,d4a92ae2-6ecd-4043-8b5a-82414c597036,false,,,1,84a783cc-96d7-494c-9413-5c6075d22010,false,,false,,,,3,84a783cc-96d7-494c-9413-5c6075d22010
80179d14-6ed4-436b-86e5-08e4ba976bcf,84a783cc-96d7-494c-9413-5c6075d22010,8,4,2026-09-27T16:40:20.462349+00:00,d4a92ae2-6ecd-4043-8b5a-82414c597036,false,,,1,84a783cc-96d7-494c-9413-5c6075d22010,false,,false,,,,3,84a783cc-96d7-494c-9413-5c6075d22010
b4e78456-e057-49b1-a933-9299f6cd5fe9,84a783cc-96d7-494c-9413-5c6075d22010,9,4,2026-09-27T16:40:20.462349+00:00,d4a92ae2-6ecd-4043-8b5a-82414c597036,false,,,1,84a783cc-96d7-494c-9413-5c6075d22010,false,,false,,,,3,84a783cc-96d7-494c-9413-5c6075d22010
5ec8006a-8b6c-43b1-ba7c-542e25a1995a,84a783cc-96d7-494c-9413-5c6075d22010,10,5,2026-09-27T16:40:20.462349+00:00,d4a92ae2-6ecd-4043-8b5a-82414c597036,false,,,1,84a783cc-96d7-494c-9413-5c6075d22010,false,,false,,,,3,84a783cc-96d7-494c-9413-5c6075d22010
dc941ef7-0ea9-4e16-9c93-0102a1fb284a,84a783cc-96d7-494c-9413-5c6075d22010,11,6,2026-09-27T16:40:20.462349+00:00,d4a92ae2-6ecd-4043-8b5a-82414c597036,false,,,1,84a783cc-96d7-494c-9413-5c6075d22010,false,,false,,,,3,84a783cc-96d7-494c-9413-5c6075d22010
645a3dd0-0a4e-42a0-a334-55354217c877,84a783cc-96d7-494c-9413-5c6075d22010,12,4,2026-09-27T16:40:20.462349+00:00,d4a92ae2-6ecd-4043-8b5a-82414c597036,false,,,1,84a783cc-96d7-494c-9413-5c6075d22010,false,,false,,,,3,84a783cc-96d7-494c-9413-5c6075d22010
e45bfd14-fb0e-405c-8ea7-c190a9d10546,84a783cc-96d7-494c-9413-5c6075d22010,13,3,2026-09-27T16:40:20.462349+00:00,d4a92ae2-6ecd-4043-8b5a-82414c597036,false,,,1,84a783cc-96d7-494c-9413-5c6075d22010,false,,false,,,,3,84a783cc-96d7-494c-9413-5c6075d22010
bdb7e373-69eb-46b4-b194-ed697668d4c1,84a783cc-96d7-494c-9413-5c6075d22010,14,4,2026-09-27T16:40:20.462349+00:00,d4a92ae2-6ecd-4043-8b5a-82414c597036,false,,,1,84a783cc-96d7-494c-9413-5c6075d22010,false,,false,,,,3,84a783cc-96d7-494c-9413-5c6075d22010
7a724c48-8387-4c1b-8b74-1f9fdb5b4071,84a783cc-96d7-494c-9413-5c6075d22010,15,4,2026-09-27T16:40:20.462349+00:00,d4a92ae2-6ecd-4043-8b5a-82414c597036,false,,,1,84a783cc-96d7-494c-9413-5c6075d22010,false,,false,,,,3,84a783cc-96d7-494c-9413-5c6075d22010
89bc6541-c137-48dd-8b06-c68511f57d6b,84a783cc-96d7-494c-9413-5c6075d22010,16,5,2026-09-27T16:40:20.462349+00:00,d4a92ae2-6ecd-4043-8b5a-82414c597036,false,,,1,84a783cc-96d7-494c-9413-5c6075d22010,false,,false,,,,3,84a783cc-96d7-494c-9413-5c6075d22010
aca51989-84be-4bef-b6b3-9aee4b5033db,84a783cc-96d7-494c-9413-5c6075d22010,17,4,2026-09-27T16:40:20.462349+00:00,d4a92ae2-6ecd-4043-8b5a-82414c597036,false,,,1,84a783cc-96d7-494c-9413-5c6075d22010,false,,false,,,,3,84a783cc-96d7-494c-9413-5c6075d22010
08c5e960-1b16-41e1-a065-fd7a7de021b3,84a783cc-96d7-494c-9413-5c6075d22010,18,5,2026-09-27T16:40:20.462349+00:00,d4a92ae2-6ecd-4043-8b5a-82414c597036,false,,,1,84a783cc-96d7-494c-9413-5c6075d22010,false,,false,,,,3,84a783cc-96d7-494c-9413-5c6075d22010
8ee286ed-10ef-4d88-bb3e-47e7e098c68b,759b9908-b1f9-40b9-aa6e-6f899daf7bf0,2,4,2026-09-27T16:40:20.462349+00:00,d4a92ae2-6ecd-4043-8b5a-82414c597036,false,,,1,759b9908-b1f9-40b9-aa6e-6f899daf7bf0,false,,false,,,,3,759b9908-b1f9-40b9-aa6e-6f899daf7bf0
ebf23653-8a69-428b-a94d-a77a61196af8,759b9908-b1f9-40b9-aa6e-6f899daf7bf0,3,4,2026-09-27T16:40:20.462349+00:00,d4a92ae2-6ecd-4043-8b5a-82414c597036,false,,,1,759b9908-b1f9-40b9-aa6e-6f899daf7bf0,false,,false,,,,3,759b9908-b1f9-40b9-aa6e-6f899daf7bf0
98eb5455-7a5e-41b2-a971-adff7603e474,759b9908-b1f9-40b9-aa6e-6f899daf7bf0,4,4,2026-09-27T16:40:20.462349+00:00,d4a92ae2-6ecd-4043-8b5a-82414c597036,false,,,1,759b9908-b1f9-40b9-aa6e-6f899daf7bf0,false,,false,,,,3,759b9908-b1f9-40b9-aa6e-6f899daf7bf0
b8e23fdb-e925-4171-9f21-7bdcd019c44c,759b9908-b1f9-40b9-aa6e-6f899daf7bf0,5,5,2026-09-27T16:40:20.462349+00:00,d4a92ae2-6ecd-4043-8b5a-82414c597036,false,,,1,759b9908-b1f9-40b9-aa6e-6f899daf7bf0,false,,false,,,,3,759b9908-b1f9-40b9-aa6e-6f899daf7bf0
4fc29270-0320-4035-a8b9-f3aaf363dba0,759b9908-b1f9-40b9-aa6e-6f899daf7bf0,6,5,2026-09-27T16:40:20.462349+00:00,d4a92ae2-6ecd-4043-8b5a-82414c597036,false,,,1,759b9908-b1f9-40b9-aa6e-6f899daf7bf0,false,,false,,,,3,759b9908-b1f9-40b9-aa6e-6f899daf7bf0
07d4cb95-d8ef-47dc-b73f-c1d63fed81eb,759b9908-b1f9-40b9-aa6e-6f899daf7bf0,7,5,2026-09-27T16:40:20.462349+00:00,d4a92ae2-6ecd-4043-8b5a-82414c597036,false,,,1,759b9908-b1f9-40b9-aa6e-6f899daf7bf0,false,,false,,,,3,759b9908-b1f9-40b9-aa6e-6f899daf7bf0
c20e978d-c92c-4f16-aaa4-b3069dfc86aa,759b9908-b1f9-40b9-aa6e-6f899daf7bf0,8,4,2026-09-27T16:40:20.462349+00:00,d4a92ae2-6ecd-4043-8b5a-82414c597036,false,,,1,759b9908-b1f9-40b9-aa6e-6f899daf7bf0,false,,false,,,,3,759b9908-b1f9-40b9-aa6e-6f899daf7bf0
1ec854f1-ed59-48b5-a685-3ba19b4bc73c,759b9908-b1f9-40b9-aa6e-6f899daf7bf0,9,4,2026-09-27T16:40:20.462349+00:00,d4a92ae2-6ecd-4043-8b5a-82414c597036,false,,,1,759b9908-b1f9-40b9-aa6e-6f899daf7bf0,false,,false,,,,3,759b9908-b1f9-40b9-aa6e-6f899daf7bf0
88cdabe3-1d08-4b8a-896f-bd0614c89010,759b9908-b1f9-40b9-aa6e-6f899daf7bf0,10,5,2026-09-27T16:40:20.462349+00:00,d4a92ae2-6ecd-4043-8b5a-82414c597036,false,,,1,759b9908-b1f9-40b9-aa6e-6f899daf7bf0,false,,false,,,,3,759b9908-b1f9-40b9-aa6e-6f899daf7bf0
7dcdf180-228e-431f-8e69-80b287ec755b,759b9908-b1f9-40b9-aa6e-6f899daf7bf0,11,7,2026-09-27T16:40:20.462349+00:00,d4a92ae2-6ecd-4043-8b5a-82414c597036,false,,,1,759b9908-b1f9-40b9-aa6e-6f899daf7bf0,false,,false,,,,3,759b9908-b1f9-40b9-aa6e-6f899daf7bf0
89c28a66-d47b-44ab-ba41-84e80bc6dbf3,759b9908-b1f9-40b9-aa6e-6f899daf7bf0,12,4,2026-09-27T16:40:20.462349+00:00,d4a92ae2-6ecd-4043-8b5a-82414c597036,false,,,1,759b9908-b1f9-40b9-aa6e-6f899daf7bf0,false,,false,,,,3,759b9908-b1f9-40b9-aa6e-6f899daf7bf0
8e471f17-0326-489c-bf62-83bc0f70101a,759b9908-b1f9-40b9-aa6e-6f899daf7bf0,13,4,2026-09-27T16:40:20.462349+00:00,d4a92ae2-6ecd-4043-8b5a-82414c597036,false,,,1,759b9908-b1f9-40b9-aa6e-6f899daf7bf0,false,,false,,,,3,759b9908-b1f9-40b9-aa6e-6f899daf7bf0
3fa5f58c-cde1-49a9-a765-83c626b200e2,759b9908-b1f9-40b9-aa6e-6f899daf7bf0,14,5,2026-09-27T16:40:20.462349+00:00,d4a92ae2-6ecd-4043-8b5a-82414c597036,false,,,1,759b9908-b1f9-40b9-aa6e-6f899daf7bf0,false,,false,,,,3,759b9908-b1f9-40b9-aa6e-6f899daf7bf0
950f3682-f384-42a8-850f-01451aa12ac7,759b9908-b1f9-40b9-aa6e-6f899daf7bf0,15,4,2026-09-27T16:40:20.462349+00:00,d4a92ae2-6ecd-4043-8b5a-82414c597036,false,,,1,759b9908-b1f9-40b9-aa6e-6f899daf7bf0,false,,false,,,,3,759b9908-b1f9-40b9-aa6e-6f899daf7bf0
92dd3b5f-7c82-4dcf-9410-47d92a4dd110,759b9908-b1f9-40b9-aa6e-6f899daf7bf0,16,5,2026-09-27T16:40:20.462349+00:00,d4a92ae2-6ecd-4043-8b5a-82414c597036,false,,,1,759b9908-b1f9-40b9-aa6e-6f899daf7bf0,false,,false,,,,3,759b9908-b1f9-40b9-aa6e-6f899daf7bf0
178d0c7a-9333-4a67-8c80-d83a7cd9be4e,759b9908-b1f9-40b9-aa6e-6f899daf7bf0,17,3,2026-09-27T16:40:20.462349+00:00,d4a92ae2-6ecd-4043-8b5a-82414c597036,false,,,1,759b9908-b1f9-40b9-aa6e-6f899daf7bf0,false,,false,,,,3,759b9908-b1f9-40b9-aa6e-6f899daf7bf0
dd8eaf1f-b7ed-4774-8e50-e6a20837e3eb,759b9908-b1f9-40b9-aa6e-6f899daf7bf0,18,6,2026-09-27T16:40:20.462349+00:00,d4a92ae2-6ecd-4043-8b5a-82414c597036,false,,,1,759b9908-b1f9-40b9-aa6e-6f899daf7bf0,false,,false,,,,3,759b9908-b1f9-40b9-aa6e-6f899daf7bf0
62db93d3-8e46-4ff8-af10-c220ec0ac08d,eed4f2ad-d027-443d-9d78-a70e0a3b93a7,3,5,2026-09-27T16:40:20.462349+00:00,d4a92ae2-6ecd-4043-8b5a-82414c597036,false,,,1,eed4f2ad-d027-443d-9d78-a70e0a3b93a7,false,,false,,,,3,eed4f2ad-d027-443d-9d78-a70e0a3b93a7
a0e9383b-5eae-4672-811d-0d8254430152,eed4f2ad-d027-443d-9d78-a70e0a3b93a7,4,4,2026-09-27T16:40:20.462349+00:00,d4a92ae2-6ecd-4043-8b5a-82414c597036,false,,,1,eed4f2ad-d027-443d-9d78-a70e0a3b93a7,false,,false,,,,3,eed4f2ad-d027-443d-9d78-a70e0a3b93a7
e42826d0-392b-45a6-8e12-819a515402eb,eed4f2ad-d027-443d-9d78-a70e0a3b93a7,5,4,2026-09-27T16:40:20.462349+00:00,d4a92ae2-6ecd-4043-8b5a-82414c597036,false,,,1,eed4f2ad-d027-443d-9d78-a70e0a3b93a7,false,,false,,,,3,eed4f2ad-d027-443d-9d78-a70e0a3b93a7
f04fec23-3cd3-467f-b7c8-cceda3698671,eed4f2ad-d027-443d-9d78-a70e0a3b93a7,6,6,2026-09-27T16:40:20.462349+00:00,d4a92ae2-6ecd-4043-8b5a-82414c597036,false,,,1,eed4f2ad-d027-443d-9d78-a70e0a3b93a7,false,,false,,,,3,eed4f2ad-d027-443d-9d78-a70e0a3b93a7
97ac074a-99ac-48d9-8d30-e0d3cd8bb758,eed4f2ad-d027-443d-9d78-a70e0a3b93a7,7,4,2026-09-27T16:40:20.462349+00:00,d4a92ae2-6ecd-4043-8b5a-82414c597036,false,,,1,eed4f2ad-d027-443d-9d78-a70e0a3b93a7,false,,false,,,,3,eed4f2ad-d027-443d-9d78-a70e0a3b93a7
51ab8f3c-16d4-4b62-8f1e-9711f2fc0818,eed4f2ad-d027-443d-9d78-a70e0a3b93a7,8,4,2026-09-27T16:40:20.462349+00:00,d4a92ae2-6ecd-4043-8b5a-82414c597036,false,,,1,eed4f2ad-d027-443d-9d78-a70e0a3b93a7,false,,false,,,,3,eed4f2ad-d027-443d-9d78-a70e0a3b93a7
b7c96b29-68af-4132-bd91-425cf9d05f68,eed4f2ad-d027-443d-9d78-a70e0a3b93a7,9,7,2026-09-27T16:40:20.462349+00:00,d4a92ae2-6ecd-4043-8b5a-82414c597036,false,,,1,eed4f2ad-d027-443d-9d78-a70e0a3b93a7,false,,false,,,,3,eed4f2ad-d027-443d-9d78-a70e0a3b93a7
18c05597-5241-4aa2-9c19-da02ed97b0dc,eed4f2ad-d027-443d-9d78-a70e0a3b93a7,10,4,2026-09-27T16:40:20.462349+00:00,d4a92ae2-6ecd-4043-8b5a-82414c597036,false,,,1,eed4f2ad-d027-443d-9d78-a70e0a3b93a7,false,,false,,,,3,eed4f2ad-d027-443d-9d78-a70e0a3b93a7
5a6e63e9-1775-4d47-920c-f900eadbf832,eed4f2ad-d027-443d-9d78-a70e0a3b93a7,11,6,2026-09-27T16:40:20.462349+00:00,d4a92ae2-6ecd-4043-8b5a-82414c597036,false,,,1,eed4f2ad-d027-443d-9d78-a70e0a3b93a7,false,,false,,,,3,eed4f2ad-d027-443d-9d78-a70e0a3b93a7
7cef8c86-2919-440c-ab81-c0760abf3c9a,eed4f2ad-d027-443d-9d78-a70e0a3b93a7,12,4,2026-09-27T16:40:20.462349+00:00,d4a92ae2-6ecd-4043-8b5a-82414c597036,false,,,1,eed4f2ad-d027-443d-9d78-a70e0a3b93a7,false,,false,,,,3,eed4f2ad-d027-443d-9d78-a70e0a3b93a7
74aa2095-0dab-4945-9f57-37fbed192b5c,eed4f2ad-d027-443d-9d78-a70e0a3b93a7,13,3,2026-09-27T16:40:20.462349+00:00,d4a92ae2-6ecd-4043-8b5a-82414c597036,false,,,1,eed4f2ad-d027-443d-9d78-a70e0a3b93a7,false,,false,,,,3,eed4f2ad-d027-443d-9d78-a70e0a3b93a7
102d8ffe-1ace-49f0-85ce-66aedbe10b7a,eed4f2ad-d027-443d-9d78-a70e0a3b93a7,14,4,2026-09-27T16:40:20.462349+00:00,d4a92ae2-6ecd-4043-8b5a-82414c597036,false,,,1,eed4f2ad-d027-443d-9d78-a70e0a3b93a7,false,,false,,,,3,eed4f2ad-d027-443d-9d78-a70e0a3b93a7
2131e69d-56fc-4724-88b3-f4a3164ad873,eed4f2ad-d027-443d-9d78-a70e0a3b93a7,15,4,2026-09-27T16:40:20.462349+00:00,d4a92ae2-6ecd-4043-8b5a-82414c597036,false,,,1,eed4f2ad-d027-443d-9d78-a70e0a3b93a7,false,,false,,,,3,eed4f2ad-d027-443d-9d78-a70e0a3b93a7
36d70d3f-4353-4379-b6c5-5f7ec678691c,eed4f2ad-d027-443d-9d78-a70e0a3b93a7,16,4,2026-09-27T16:40:20.462349+00:00,d4a92ae2-6ecd-4043-8b5a-82414c597036,false,,,1,eed4f2ad-d027-443d-9d78-a70e0a3b93a7,false,,false,,,,3,eed4f2ad-d027-443d-9d78-a70e0a3b93a7
ed54125b-eddd-47bc-9291-b1268e4de0f6,eed4f2ad-d027-443d-9d78-a70e0a3b93a7,17,3,2026-09-27T16:40:20.462349+00:00,d4a92ae2-6ecd-4043-8b5a-82414c597036,false,,,1,eed4f2ad-d027-443d-9d78-a70e0a3b93a7,false,,false,,,,3,eed4f2ad-d027-443d-9d78-a70e0a3b93a7
4a31c3c3-2c17-4baa-ac3b-dcbc12a44ab2,eed4f2ad-d027-443d-9d78-a70e0a3b93a7,18,6,2026-09-27T16:40:20.462349+00:00,d4a92ae2-6ecd-4043-8b5a-82414c597036,false,,,1,eed4f2ad-d027-443d-9d78-a70e0a3b93a7,false,,false,,,,3,eed4f2ad-d027-443d-9d78-a70e0a3b93a7
886573f9-4874-4b5c-9aa3-708a25a209e7,288cb02f-b30e-4cb3-8faf-08f5364d19fc,7,5,2026-09-27T16:40:20.462349+00:00,d4a92ae2-6ecd-4043-8b5a-82414c597036,false,,,1,288cb02f-b30e-4cb3-8faf-08f5364d19fc,false,,false,,,,3,288cb02f-b30e-4cb3-8faf-08f5364d19fc
e00a9888-af2f-4389-8ae7-37d8dad84da0,288cb02f-b30e-4cb3-8faf-08f5364d19fc,8,7,2026-09-27T16:40:20.462349+00:00,d4a92ae2-6ecd-4043-8b5a-82414c597036,false,,,1,288cb02f-b30e-4cb3-8faf-08f5364d19fc,false,,false,,,,3,288cb02f-b30e-4cb3-8faf-08f5364d19fc
ecc44fad-1195-47b6-bec0-d614385ce7d3,39ace5a0-881a-4178-aa2b-2fd274ebc40a,2,6,2026-09-27T16:40:20.462349+00:00,d4a92ae2-6ecd-4043-8b5a-82414c597036,false,,,1,39ace5a0-881a-4178-aa2b-2fd274ebc40a,false,,false,,,,3,39ace5a0-881a-4178-aa2b-2fd274ebc40a
66e09c07-7658-4e29-b72c-e7df0004c24d,39ace5a0-881a-4178-aa2b-2fd274ebc40a,3,3,2026-09-27T16:40:20.462349+00:00,d4a92ae2-6ecd-4043-8b5a-82414c597036,false,,,1,39ace5a0-881a-4178-aa2b-2fd274ebc40a,false,,false,,,,3,39ace5a0-881a-4178-aa2b-2fd274ebc40a
75e9c286-8d3f-4a77-a94b-ea7b7b5001cf,39ace5a0-881a-4178-aa2b-2fd274ebc40a,4,4,2026-09-27T16:40:20.462349+00:00,d4a92ae2-6ecd-4043-8b5a-82414c597036,false,,,1,39ace5a0-881a-4178-aa2b-2fd274ebc40a,false,,false,,,,3,39ace5a0-881a-4178-aa2b-2fd274ebc40a
01ded1b1-76ac-44b9-bbcb-8501b5ae5338,39ace5a0-881a-4178-aa2b-2fd274ebc40a,5,4,2026-09-27T16:40:20.462349+00:00,d4a92ae2-6ecd-4043-8b5a-82414c597036,false,,,1,39ace5a0-881a-4178-aa2b-2fd274ebc40a,false,,false,,,,3,39ace5a0-881a-4178-aa2b-2fd274ebc40a
8038e361-2626-4128-93da-3863b0f72451,39ace5a0-881a-4178-aa2b-2fd274ebc40a,6,5,2026-09-27T16:40:20.462349+00:00,d4a92ae2-6ecd-4043-8b5a-82414c597036,false,,,1,39ace5a0-881a-4178-aa2b-2fd274ebc40a,false,,false,,,,3,39ace5a0-881a-4178-aa2b-2fd274ebc40a
ce2ec733-dc71-4557-81e7-5e3ebd4918a4,39ace5a0-881a-4178-aa2b-2fd274ebc40a,7,4,2026-09-27T16:40:20.462349+00:00,d4a92ae2-6ecd-4043-8b5a-82414c597036,false,,,1,39ace5a0-881a-4178-aa2b-2fd274ebc40a,false,,false,,,,3,39ace5a0-881a-4178-aa2b-2fd274ebc40a
f8b2e001-da96-40a7-a5a4-54cbfffb7560,39ace5a0-881a-4178-aa2b-2fd274ebc40a,8,4,2026-09-27T16:40:20.462349+00:00,d4a92ae2-6ecd-4043-8b5a-82414c597036,false,,,1,39ace5a0-881a-4178-aa2b-2fd274ebc40a,false,,false,,,,3,39ace5a0-881a-4178-aa2b-2fd274ebc40a
9e00c339-7766-4c24-beb5-7ce20761b46b,39ace5a0-881a-4178-aa2b-2fd274ebc40a,9,4,2026-09-27T16:40:20.462349+00:00,d4a92ae2-6ecd-4043-8b5a-82414c597036,false,,,1,39ace5a0-881a-4178-aa2b-2fd274ebc40a,false,,false,,,,3,39ace5a0-881a-4178-aa2b-2fd274ebc40a
61d4c96a-b179-402f-a817-e87bd25db924,39ace5a0-881a-4178-aa2b-2fd274ebc40a,10,4,2026-09-27T16:40:20.462349+00:00,d4a92ae2-6ecd-4043-8b5a-82414c597036,false,,,1,39ace5a0-881a-4178-aa2b-2fd274ebc40a,false,,false,,,,3,39ace5a0-881a-4178-aa2b-2fd274ebc40a
d29c01ae-fc04-488d-a3d4-25e43afac612,39ace5a0-881a-4178-aa2b-2fd274ebc40a,11,5,2026-09-27T16:40:20.462349+00:00,d4a92ae2-6ecd-4043-8b5a-82414c597036,false,,,1,39ace5a0-881a-4178-aa2b-2fd274ebc40a,false,,false,,,,3,39ace5a0-881a-4178-aa2b-2fd274ebc40a
f44dd9e5-ccd9-4767-9705-288cadb3e36d,39ace5a0-881a-4178-aa2b-2fd274ebc40a,12,3,2026-09-27T16:40:20.462349+00:00,d4a92ae2-6ecd-4043-8b5a-82414c597036,false,,,1,39ace5a0-881a-4178-aa2b-2fd274ebc40a,false,,false,,,,3,39ace5a0-881a-4178-aa2b-2fd274ebc40a
bf447673-e429-42ed-9815-4ebf33153bf0,39ace5a0-881a-4178-aa2b-2fd274ebc40a,13,3,2026-09-27T16:40:20.462349+00:00,d4a92ae2-6ecd-4043-8b5a-82414c597036,false,,,1,39ace5a0-881a-4178-aa2b-2fd274ebc40a,false,,false,,,,3,39ace5a0-881a-4178-aa2b-2fd274ebc40a
a312d096-0ed9-4c09-9dc4-28b5c1f59cad,39ace5a0-881a-4178-aa2b-2fd274ebc40a,14,4,2026-09-27T16:40:20.462349+00:00,d4a92ae2-6ecd-4043-8b5a-82414c597036,false,,,1,39ace5a0-881a-4178-aa2b-2fd274ebc40a,false,,false,,,,3,39ace5a0-881a-4178-aa2b-2fd274ebc40a
854611f5-e7cf-4b33-b7ff-b7f1ec582863,39ace5a0-881a-4178-aa2b-2fd274ebc40a,15,4,2026-09-27T16:40:20.462349+00:00,d4a92ae2-6ecd-4043-8b5a-82414c597036,false,,,1,39ace5a0-881a-4178-aa2b-2fd274ebc40a,false,,false,,,,3,39ace5a0-881a-4178-aa2b-2fd274ebc40a
99677df6-bc05-469c-b1c3-49bdf7ad798b,39ace5a0-881a-4178-aa2b-2fd274ebc40a,16,4,2026-09-27T16:40:20.462349+00:00,d4a92ae2-6ecd-4043-8b5a-82414c597036,false,,,1,39ace5a0-881a-4178-aa2b-2fd274ebc40a,false,,false,,,,3,39ace5a0-881a-4178-aa2b-2fd274ebc40a
efb0be7a-8bc8-4bd5-8114-12d1c6ff82b1,39ace5a0-881a-4178-aa2b-2fd274ebc40a,17,3,2026-09-27T16:40:20.462349+00:00,d4a92ae2-6ecd-4043-8b5a-82414c597036,false,,,1,39ace5a0-881a-4178-aa2b-2fd274ebc40a,false,,false,,,,3,39ace5a0-881a-4178-aa2b-2fd274ebc40a
d1ee8f65-0d36-46bb-a003-09da72d24cbd,39ace5a0-881a-4178-aa2b-2fd274ebc40a,18,4,2026-09-27T16:40:20.462349+00:00,d4a92ae2-6ecd-4043-8b5a-82414c597036,false,,,1,39ace5a0-881a-4178-aa2b-2fd274ebc40a,false,,false,,,,3,39ace5a0-881a-4178-aa2b-2fd274ebc40a
0f9fe586-4769-43a4-9492-9c35e5b8d3b8,de28cd8e-9d77-4157-807a-369c938090ab,3,3,2026-09-27T16:40:20.462349+00:00,d4a92ae2-6ecd-4043-8b5a-82414c597036,false,,,1,de28cd8e-9d77-4157-807a-369c938090ab,false,,false,,,,3,de28cd8e-9d77-4157-807a-369c938090ab
b96ffb6f-beca-4f74-b06f-f345167a9b94,de28cd8e-9d77-4157-807a-369c938090ab,4,4,2026-09-27T16:40:20.462349+00:00,d4a92ae2-6ecd-4043-8b5a-82414c597036,false,,,1,de28cd8e-9d77-4157-807a-369c938090ab,false,,false,,,,3,de28cd8e-9d77-4157-807a-369c938090ab
9ce528ab-892e-4eca-9bd2-51f0aa3760f2,de28cd8e-9d77-4157-807a-369c938090ab,5,4,2026-09-27T16:40:20.462349+00:00,d4a92ae2-6ecd-4043-8b5a-82414c597036,false,,,1,de28cd8e-9d77-4157-807a-369c938090ab,false,,false,,,,3,de28cd8e-9d77-4157-807a-369c938090ab
933ca3e7-eda3-4726-98bd-b053d5b3e745,de28cd8e-9d77-4157-807a-369c938090ab,6,5,2026-09-27T16:40:20.462349+00:00,d4a92ae2-6ecd-4043-8b5a-82414c597036,false,,,1,de28cd8e-9d77-4157-807a-369c938090ab,false,,false,,,,3,de28cd8e-9d77-4157-807a-369c938090ab
4f9e3126-4ea0-47c2-9dc7-427d6872d68d,de28cd8e-9d77-4157-807a-369c938090ab,7,5,2026-09-27T16:40:20.462349+00:00,d4a92ae2-6ecd-4043-8b5a-82414c597036,false,,,1,de28cd8e-9d77-4157-807a-369c938090ab,false,,false,,,,3,de28cd8e-9d77-4157-807a-369c938090ab
90a09362-2063-45cd-bbbd-d406d70a16dc,de28cd8e-9d77-4157-807a-369c938090ab,8,5,2026-09-27T16:40:20.462349+00:00,d4a92ae2-6ecd-4043-8b5a-82414c597036,false,,,1,de28cd8e-9d77-4157-807a-369c938090ab,false,,false,,,,3,de28cd8e-9d77-4157-807a-369c938090ab
2a562292-95ae-4407-bb26-f19f4b4cb2e4,de28cd8e-9d77-4157-807a-369c938090ab,9,4,2026-09-27T16:40:20.462349+00:00,d4a92ae2-6ecd-4043-8b5a-82414c597036,false,,,1,de28cd8e-9d77-4157-807a-369c938090ab,false,,false,,,,3,de28cd8e-9d77-4157-807a-369c938090ab
edd00c1f-5058-4ceb-a3bf-56214ecb6b9a,de28cd8e-9d77-4157-807a-369c938090ab,10,5,2026-09-27T16:40:20.462349+00:00,d4a92ae2-6ecd-4043-8b5a-82414c597036,false,,,1,de28cd8e-9d77-4157-807a-369c938090ab,false,,false,,,,3,de28cd8e-9d77-4157-807a-369c938090ab
142742ee-008a-4616-8a76-72d8b7946253,de28cd8e-9d77-4157-807a-369c938090ab,11,5,2026-09-27T16:40:20.462349+00:00,d4a92ae2-6ecd-4043-8b5a-82414c597036,false,,,1,de28cd8e-9d77-4157-807a-369c938090ab,false,,false,,,,3,de28cd8e-9d77-4157-807a-369c938090ab
61c1a47a-3c71-4c7c-82a3-2e4607b91396,de28cd8e-9d77-4157-807a-369c938090ab,12,4,2026-09-27T16:40:20.462349+00:00,d4a92ae2-6ecd-4043-8b5a-82414c597036,false,,,1,de28cd8e-9d77-4157-807a-369c938090ab,false,,false,,,,3,de28cd8e-9d77-4157-807a-369c938090ab
46d01733-d05e-4e72-940c-b64859edf0c0,de28cd8e-9d77-4157-807a-369c938090ab,13,5,2026-09-27T16:40:20.462349+00:00,d4a92ae2-6ecd-4043-8b5a-82414c597036,false,,,1,de28cd8e-9d77-4157-807a-369c938090ab,false,,false,,,,3,de28cd8e-9d77-4157-807a-369c938090ab
56c94306-47eb-47eb-beb8-f3a357a8b464,de28cd8e-9d77-4157-807a-369c938090ab,14,4,2026-09-27T16:40:20.462349+00:00,d4a92ae2-6ecd-4043-8b5a-82414c597036,false,,,1,de28cd8e-9d77-4157-807a-369c938090ab,false,,false,,,,3,de28cd8e-9d77-4157-807a-369c938090ab
2822e125-8797-4fcc-83c4-318b4c7166a2,de28cd8e-9d77-4157-807a-369c938090ab,15,4,2026-09-27T16:40:20.462349+00:00,d4a92ae2-6ecd-4043-8b5a-82414c597036,false,,,1,de28cd8e-9d77-4157-807a-369c938090ab,false,,false,,,,3,de28cd8e-9d77-4157-807a-369c938090ab
47697c7c-84c4-4325-82e7-eba7c4333de3,de28cd8e-9d77-4157-807a-369c938090ab,16,4,2026-09-27T16:40:20.462349+00:00,d4a92ae2-6ecd-4043-8b5a-82414c597036,false,,,1,de28cd8e-9d77-4157-807a-369c938090ab,false,,false,,,,3,de28cd8e-9d77-4157-807a-369c938090ab
1e3e3a5d-b51c-41aa-a649-22ef84bb05d1,de28cd8e-9d77-4157-807a-369c938090ab,17,4,2026-09-27T16:40:20.462349+00:00,d4a92ae2-6ecd-4043-8b5a-82414c597036,false,,,1,de28cd8e-9d77-4157-807a-369c938090ab,false,,false,,,,3,de28cd8e-9d77-4157-807a-369c938090ab
59e2be5e-f832-4237-bd4c-a1fb77ea299e,de28cd8e-9d77-4157-807a-369c938090ab,18,4,2026-09-27T16:40:20.462349+00:00,d4a92ae2-6ecd-4043-8b5a-82414c597036,false,,,1,de28cd8e-9d77-4157-807a-369c938090ab,false,,false,,,,3,de28cd8e-9d77-4157-807a-369c938090ab
439dac05-91de-4458-9509-2d825eabc85f,10f1afa0-aa58-4b13-8d05-4e0b8e462e5f,5,3,2026-09-27T16:40:20.462349+00:00,d4a92ae2-6ecd-4043-8b5a-82414c597036,false,,,1,10f1afa0-aa58-4b13-8d05-4e0b8e462e5f,false,,false,,,,3,10f1afa0-aa58-4b13-8d05-4e0b8e462e5f
e722d6e4-eea1-44d0-8de0-40aa6d6e70ba,10f1afa0-aa58-4b13-8d05-4e0b8e462e5f,6,5,2026-09-27T16:40:20.462349+00:00,d4a92ae2-6ecd-4043-8b5a-82414c597036,false,,,1,10f1afa0-aa58-4b13-8d05-4e0b8e462e5f,false,,false,,,,3,10f1afa0-aa58-4b13-8d05-4e0b8e462e5f
8b71a628-3328-45b0-a283-9e0027fefedc,10f1afa0-aa58-4b13-8d05-4e0b8e462e5f,7,3,2026-09-27T16:40:20.462349+00:00,d4a92ae2-6ecd-4043-8b5a-82414c597036,false,,,1,10f1afa0-aa58-4b13-8d05-4e0b8e462e5f,false,,false,,,,3,10f1afa0-aa58-4b13-8d05-4e0b8e462e5f
a61c727e-7565-4c4a-a870-aafc9ef4cb8b,10f1afa0-aa58-4b13-8d05-4e0b8e462e5f,8,4,2026-09-27T16:40:20.462349+00:00,d4a92ae2-6ecd-4043-8b5a-82414c597036,false,,,1,10f1afa0-aa58-4b13-8d05-4e0b8e462e5f,false,,false,,,,3,10f1afa0-aa58-4b13-8d05-4e0b8e462e5f
b61d2e5e-29b7-4c6e-95bb-766f2c7bc2ec,10f1afa0-aa58-4b13-8d05-4e0b8e462e5f,9,4,2026-09-27T16:40:20.462349+00:00,d4a92ae2-6ecd-4043-8b5a-82414c597036,false,,,1,10f1afa0-aa58-4b13-8d05-4e0b8e462e5f,false,,false,,,,3,10f1afa0-aa58-4b13-8d05-4e0b8e462e5f
7ba1ecf2-4994-436d-8087-3f8684058cd0,10f1afa0-aa58-4b13-8d05-4e0b8e462e5f,10,4,2026-09-27T16:40:20.462349+00:00,d4a92ae2-6ecd-4043-8b5a-82414c597036,false,,,1,10f1afa0-aa58-4b13-8d05-4e0b8e462e5f,false,,false,,,,3,10f1afa0-aa58-4b13-8d05-4e0b8e462e5f
9ac380e5-1c29-425a-bcb1-520c215aa0f3,10f1afa0-aa58-4b13-8d05-4e0b8e462e5f,11,5,2026-09-27T16:40:20.462349+00:00,d4a92ae2-6ecd-4043-8b5a-82414c597036,false,,,1,10f1afa0-aa58-4b13-8d05-4e0b8e462e5f,false,,false,,,,3,10f1afa0-aa58-4b13-8d05-4e0b8e462e5f
f1374e5f-ca50-4ab7-8736-b8cc98b23c30,10f1afa0-aa58-4b13-8d05-4e0b8e462e5f,12,4,2026-09-27T16:40:20.462349+00:00,d4a92ae2-6ecd-4043-8b5a-82414c597036,false,,,1,10f1afa0-aa58-4b13-8d05-4e0b8e462e5f,false,,false,,,,3,10f1afa0-aa58-4b13-8d05-4e0b8e462e5f
7e7b946b-8d92-44c2-84db-d5ccf23b5677,10f1afa0-aa58-4b13-8d05-4e0b8e462e5f,13,3,2026-09-27T16:40:20.462349+00:00,d4a92ae2-6ecd-4043-8b5a-82414c597036,false,,,1,10f1afa0-aa58-4b13-8d05-4e0b8e462e5f,false,,false,,,,3,10f1afa0-aa58-4b13-8d05-4e0b8e462e5f
94d92a81-1f40-42d5-9287-4871b19639ce,10f1afa0-aa58-4b13-8d05-4e0b8e462e5f,14,4,2026-09-27T16:40:20.462349+00:00,d4a92ae2-6ecd-4043-8b5a-82414c597036,false,,,1,10f1afa0-aa58-4b13-8d05-4e0b8e462e5f,false,,false,,,,3,10f1afa0-aa58-4b13-8d05-4e0b8e462e5f
242c51c6-b28e-46c2-9aa9-ba82ffaad1a8,10f1afa0-aa58-4b13-8d05-4e0b8e462e5f,15,5,2026-09-27T16:40:20.462349+00:00,d4a92ae2-6ecd-4043-8b5a-82414c597036,false,,,1,10f1afa0-aa58-4b13-8d05-4e0b8e462e5f,false,,false,,,,3,10f1afa0-aa58-4b13-8d05-4e0b8e462e5f
4e5ca5cd-bde8-471b-9169-fb0cdab0613c,10f1afa0-aa58-4b13-8d05-4e0b8e462e5f,16,4,2026-09-27T16:40:20.462349+00:00,d4a92ae2-6ecd-4043-8b5a-82414c597036,false,,,1,10f1afa0-aa58-4b13-8d05-4e0b8e462e5f,false,,false,,,,3,10f1afa0-aa58-4b13-8d05-4e0b8e462e5f
4f053127-ad07-473d-af99-377687bc1ba7,10f1afa0-aa58-4b13-8d05-4e0b8e462e5f,17,2,2026-09-27T16:40:20.462349+00:00,d4a92ae2-6ecd-4043-8b5a-82414c597036,false,,,1,10f1afa0-aa58-4b13-8d05-4e0b8e462e5f,false,,false,,,,3,10f1afa0-aa58-4b13-8d05-4e0b8e462e5f
5627052b-7652-4e20-83c7-c5fa2e5a73b4,10f1afa0-aa58-4b13-8d05-4e0b8e462e5f,18,4,2026-09-27T16:40:20.462349+00:00,d4a92ae2-6ecd-4043-8b5a-82414c597036,false,,,1,10f1afa0-aa58-4b13-8d05-4e0b8e462e5f,false,,false,,,,3,10f1afa0-aa58-4b13-8d05-4e0b8e462e5f
1d2bdc49-b9b7-4590-8cc7-fa8357fb0f70,16bbde86-be42-4588-bf60-d2798fec823b,4,5,2026-09-27T16:40:20.462349+00:00,d4a92ae2-6ecd-4043-8b5a-82414c597036,false,,,1,16bbde86-be42-4588-bf60-d2798fec823b,false,,false,,,,3,16bbde86-be42-4588-bf60-d2798fec823b
12a7d70a-162d-4387-aa6d-8157b6c7addd,16bbde86-be42-4588-bf60-d2798fec823b,5,2,2026-09-27T16:40:20.462349+00:00,d4a92ae2-6ecd-4043-8b5a-82414c597036,false,,,1,16bbde86-be42-4588-bf60-d2798fec823b,false,,false,,,,3,16bbde86-be42-4588-bf60-d2798fec823b
81f01cd4-a0c8-49fa-8ef6-8630cc5d8bed,16bbde86-be42-4588-bf60-d2798fec823b,6,5,2026-09-27T16:40:20.462349+00:00,d4a92ae2-6ecd-4043-8b5a-82414c597036,false,,,1,16bbde86-be42-4588-bf60-d2798fec823b,false,,false,,,,3,16bbde86-be42-4588-bf60-d2798fec823b
c4cef2ec-b2e4-4d6e-8124-4f316c4a82cd,16bbde86-be42-4588-bf60-d2798fec823b,7,4,2026-09-27T16:40:20.462349+00:00,d4a92ae2-6ecd-4043-8b5a-82414c597036,false,,,1,16bbde86-be42-4588-bf60-d2798fec823b,false,,false,,,,3,16bbde86-be42-4588-bf60-d2798fec823b
bec87bc7-6d8d-4ccb-9714-96b61b500467,16bbde86-be42-4588-bf60-d2798fec823b,8,4,2026-09-27T16:40:20.462349+00:00,d4a92ae2-6ecd-4043-8b5a-82414c597036,false,,,1,16bbde86-be42-4588-bf60-d2798fec823b,false,,false,,,,3,16bbde86-be42-4588-bf60-d2798fec823b
b5163b01-5a0d-46a0-9d9c-81b7390f0642,16bbde86-be42-4588-bf60-d2798fec823b,9,4,2026-09-27T16:40:20.462349+00:00,d4a92ae2-6ecd-4043-8b5a-82414c597036,false,,,1,16bbde86-be42-4588-bf60-d2798fec823b,false,,false,,,,3,16bbde86-be42-4588-bf60-d2798fec823b
1ef91275-c02e-407b-b40d-8909ed93b736,16bbde86-be42-4588-bf60-d2798fec823b,10,4,2026-09-27T16:40:20.462349+00:00,d4a92ae2-6ecd-4043-8b5a-82414c597036,false,,,1,16bbde86-be42-4588-bf60-d2798fec823b,false,,false,,,,3,16bbde86-be42-4588-bf60-d2798fec823b
5a504b6d-238d-4e0f-8862-3a8245704a43,16bbde86-be42-4588-bf60-d2798fec823b,11,7,2026-09-27T16:40:20.462349+00:00,d4a92ae2-6ecd-4043-8b5a-82414c597036,false,,,1,16bbde86-be42-4588-bf60-d2798fec823b,false,,false,,,,3,16bbde86-be42-4588-bf60-d2798fec823b
74a95a12-700e-4f0e-a545-104fc72d61ef,16bbde86-be42-4588-bf60-d2798fec823b,12,4,2026-09-27T16:40:20.462349+00:00,d4a92ae2-6ecd-4043-8b5a-82414c597036,false,,,1,16bbde86-be42-4588-bf60-d2798fec823b,false,,false,,,,3,16bbde86-be42-4588-bf60-d2798fec823b
e513bfff-a5b1-4bcd-bf7e-59c7fd16cca6,16bbde86-be42-4588-bf60-d2798fec823b,13,3,2026-09-27T16:40:20.462349+00:00,d4a92ae2-6ecd-4043-8b5a-82414c597036,false,,,1,16bbde86-be42-4588-bf60-d2798fec823b,false,,false,,,,3,16bbde86-be42-4588-bf60-d2798fec823b
a834638f-b047-4655-95ae-49920d0942c4,16bbde86-be42-4588-bf60-d2798fec823b,14,4,2026-09-27T16:40:20.462349+00:00,d4a92ae2-6ecd-4043-8b5a-82414c597036,false,,,1,16bbde86-be42-4588-bf60-d2798fec823b,false,,false,,,,3,16bbde86-be42-4588-bf60-d2798fec823b
49f6b48f-b270-4d12-82f5-5d4c8c6df854,16bbde86-be42-4588-bf60-d2798fec823b,15,4,2026-09-27T16:40:20.462349+00:00,d4a92ae2-6ecd-4043-8b5a-82414c597036,false,,,1,16bbde86-be42-4588-bf60-d2798fec823b,false,,false,,,,3,16bbde86-be42-4588-bf60-d2798fec823b
28fd792b-84b3-474a-8a08-efddd3257998,16bbde86-be42-4588-bf60-d2798fec823b,16,3,2026-09-27T16:40:20.462349+00:00,d4a92ae2-6ecd-4043-8b5a-82414c597036,false,,,1,16bbde86-be42-4588-bf60-d2798fec823b,false,,false,,,,3,16bbde86-be42-4588-bf60-d2798fec823b
528df166-d4cf-41cd-9438-25e03b4da9bf,16bbde86-be42-4588-bf60-d2798fec823b,17,2,2026-09-27T16:40:20.462349+00:00,d4a92ae2-6ecd-4043-8b5a-82414c597036,false,,,1,16bbde86-be42-4588-bf60-d2798fec823b,false,,false,,,,3,16bbde86-be42-4588-bf60-d2798fec823b
1d63f856-e132-44aa-925d-887b1e4ce8f5,16bbde86-be42-4588-bf60-d2798fec823b,18,4,2026-09-27T16:40:20.462349+00:00,d4a92ae2-6ecd-4043-8b5a-82414c597036,false,,,1,16bbde86-be42-4588-bf60-d2798fec823b,false,,false,,,,3,16bbde86-be42-4588-bf60-d2798fec823b
bdb6f2a3-d0a6-4bb3-b630-b676d333e805,2c5f4c05-03c1-4d64-960d-4e7b3c33c949,1,5,2026-09-27T16:42:05.187962+00:00,d4a92ae2-6ecd-4043-8b5a-82414c597036,false,,,1,2c5f4c05-03c1-4d64-960d-4e7b3c33c949,false,,false,,,,2,2c5f4c05-03c1-4d64-960d-4e7b3c33c949
11da46fe-62cc-4918-9120-8c8c517cfefb,2c5f4c05-03c1-4d64-960d-4e7b3c33c949,2,6,2026-09-27T16:42:05.187962+00:00,d4a92ae2-6ecd-4043-8b5a-82414c597036,false,,,1,2c5f4c05-03c1-4d64-960d-4e7b3c33c949,false,,false,,,,2,2c5f4c05-03c1-4d64-960d-4e7b3c33c949
0c759239-6361-426f-8a79-c28a0f9a5def,2c5f4c05-03c1-4d64-960d-4e7b3c33c949,3,4,2026-09-27T16:42:05.187962+00:00,d4a92ae2-6ecd-4043-8b5a-82414c597036,false,,,1,2c5f4c05-03c1-4d64-960d-4e7b3c33c949,false,,false,,,,2,2c5f4c05-03c1-4d64-960d-4e7b3c33c949
bbae0439-e66f-445a-977f-d4bac299dbb1,2c5f4c05-03c1-4d64-960d-4e7b3c33c949,4,4,2026-09-27T16:42:05.187962+00:00,d4a92ae2-6ecd-4043-8b5a-82414c597036,false,,,1,2c5f4c05-03c1-4d64-960d-4e7b3c33c949,false,,false,,,,2,2c5f4c05-03c1-4d64-960d-4e7b3c33c949
619cb27b-7948-44f1-97ed-8e1cee9bda64,2c5f4c05-03c1-4d64-960d-4e7b3c33c949,6,7,2026-09-27T16:42:05.187962+00:00,d4a92ae2-6ecd-4043-8b5a-82414c597036,false,,,1,2c5f4c05-03c1-4d64-960d-4e7b3c33c949,false,,false,,,,2,2c5f4c05-03c1-4d64-960d-4e7b3c33c949
bee0fdf1-aab1-40ab-aab2-1bfe9139dc2b,2c5f4c05-03c1-4d64-960d-4e7b3c33c949,7,5,2026-09-27T16:42:05.187962+00:00,d4a92ae2-6ecd-4043-8b5a-82414c597036,false,,,1,2c5f4c05-03c1-4d64-960d-4e7b3c33c949,false,,false,,,,2,2c5f4c05-03c1-4d64-960d-4e7b3c33c949
cb2cf712-c64d-4e7f-936a-3494de4eb30a,2c5f4c05-03c1-4d64-960d-4e7b3c33c949,8,4,2026-09-27T16:42:05.187962+00:00,d4a92ae2-6ecd-4043-8b5a-82414c597036,false,,,1,2c5f4c05-03c1-4d64-960d-4e7b3c33c949,false,,false,,,,2,2c5f4c05-03c1-4d64-960d-4e7b3c33c949
f6e656e9-1644-41ec-8ace-0648b51813ad,2c5f4c05-03c1-4d64-960d-4e7b3c33c949,9,5,2026-09-27T16:42:05.187962+00:00,d4a92ae2-6ecd-4043-8b5a-82414c597036,false,,,1,2c5f4c05-03c1-4d64-960d-4e7b3c33c949,false,,false,,,,2,2c5f4c05-03c1-4d64-960d-4e7b3c33c949
44540aaa-b5c0-46d0-9bb2-a13df281eda2,16bbde86-be42-4588-bf60-d2798fec823b,1,5,2026-09-27T16:42:05.187962+00:00,d4a92ae2-6ecd-4043-8b5a-82414c597036,false,,,1,16bbde86-be42-4588-bf60-d2798fec823b,false,,false,,,,2,16bbde86-be42-4588-bf60-d2798fec823b
fe62ffb8-a72d-4c15-ada4-1805fc2c860f,16bbde86-be42-4588-bf60-d2798fec823b,3,2,2026-09-27T16:42:05.187962+00:00,d4a92ae2-6ecd-4043-8b5a-82414c597036,false,,,1,16bbde86-be42-4588-bf60-d2798fec823b,false,,false,,,,2,16bbde86-be42-4588-bf60-d2798fec823b
47748d40-3aae-4012-b831-1928f7a8eeef,16bbde86-be42-4588-bf60-d2798fec823b,4,3,2026-09-27T16:42:05.187962+00:00,d4a92ae2-6ecd-4043-8b5a-82414c597036,false,,,1,16bbde86-be42-4588-bf60-d2798fec823b,false,,false,,,,2,16bbde86-be42-4588-bf60-d2798fec823b
5d65254b-d036-4127-a262-4516f541274c,16bbde86-be42-4588-bf60-d2798fec823b,5,4,2026-09-27T16:42:05.187962+00:00,d4a92ae2-6ecd-4043-8b5a-82414c597036,false,,,1,16bbde86-be42-4588-bf60-d2798fec823b,false,,false,,,,2,16bbde86-be42-4588-bf60-d2798fec823b
b47b016a-a34a-4fed-86bb-34ebf13e83ab,16bbde86-be42-4588-bf60-d2798fec823b,6,4,2026-09-27T16:42:05.187962+00:00,d4a92ae2-6ecd-4043-8b5a-82414c597036,false,,,1,16bbde86-be42-4588-bf60-d2798fec823b,false,,false,,,,2,16bbde86-be42-4588-bf60-d2798fec823b
9d0c6e68-35ae-4c82-be6e-c24fee84e3fa,16bbde86-be42-4588-bf60-d2798fec823b,7,4,2026-09-27T16:42:05.187962+00:00,d4a92ae2-6ecd-4043-8b5a-82414c597036,false,,,1,16bbde86-be42-4588-bf60-d2798fec823b,false,,false,,,,2,16bbde86-be42-4588-bf60-d2798fec823b
1202b319-ff4b-4664-acf9-8424196cabec,16bbde86-be42-4588-bf60-d2798fec823b,8,4,2026-09-27T16:42:05.187962+00:00,d4a92ae2-6ecd-4043-8b5a-82414c597036,false,,,1,16bbde86-be42-4588-bf60-d2798fec823b,false,,false,,,,2,16bbde86-be42-4588-bf60-d2798fec823b
63df5ed4-df27-4584-a116-516d85615be0,16bbde86-be42-4588-bf60-d2798fec823b,9,4,2026-09-27T16:42:05.187962+00:00,d4a92ae2-6ecd-4043-8b5a-82414c597036,false,,,1,16bbde86-be42-4588-bf60-d2798fec823b,false,,false,,,,2,16bbde86-be42-4588-bf60-d2798fec823b
11f3a6b8-04ec-4227-930b-c7f00fe37fe1,16bbde86-be42-4588-bf60-d2798fec823b,10,4,2026-09-27T16:42:05.187962+00:00,d4a92ae2-6ecd-4043-8b5a-82414c597036,false,,,1,16bbde86-be42-4588-bf60-d2798fec823b,false,,false,,,,2,16bbde86-be42-4588-bf60-d2798fec823b
99714e7e-3f05-4f22-867b-8c47f0ed5703,16bbde86-be42-4588-bf60-d2798fec823b,11,4,2026-09-27T16:42:05.187962+00:00,d4a92ae2-6ecd-4043-8b5a-82414c597036,false,,,1,16bbde86-be42-4588-bf60-d2798fec823b,false,,false,,,,2,16bbde86-be42-4588-bf60-d2798fec823b
188d0ba0-472e-4d5d-9013-66913df9bbd0,16bbde86-be42-4588-bf60-d2798fec823b,12,4,2026-09-27T16:42:05.187962+00:00,d4a92ae2-6ecd-4043-8b5a-82414c597036,false,,,1,16bbde86-be42-4588-bf60-d2798fec823b,false,,false,,,,2,16bbde86-be42-4588-bf60-d2798fec823b
08303add-932f-4c5c-9f9c-92e7a77e06f4,16bbde86-be42-4588-bf60-d2798fec823b,13,3,2026-09-27T16:42:05.187962+00:00,d4a92ae2-6ecd-4043-8b5a-82414c597036,false,,,1,16bbde86-be42-4588-bf60-d2798fec823b,false,,false,,,,2,16bbde86-be42-4588-bf60-d2798fec823b
1a76e562-703c-4c87-a3c0-a49349c81ade,16bbde86-be42-4588-bf60-d2798fec823b,14,4,2026-09-27T16:42:05.187962+00:00,d4a92ae2-6ecd-4043-8b5a-82414c597036,false,,,1,16bbde86-be42-4588-bf60-d2798fec823b,false,,false,,,,2,16bbde86-be42-4588-bf60-d2798fec823b
e97e42e2-f758-422d-9fb3-1a6621ae9770,16bbde86-be42-4588-bf60-d2798fec823b,15,4,2026-09-27T16:42:05.187962+00:00,d4a92ae2-6ecd-4043-8b5a-82414c597036,false,,,1,16bbde86-be42-4588-bf60-d2798fec823b,false,,false,,,,2,16bbde86-be42-4588-bf60-d2798fec823b
5dce6e96-31dc-419c-ae9e-4b11e9e1a023,16bbde86-be42-4588-bf60-d2798fec823b,16,4,2026-09-27T16:42:05.187962+00:00,d4a92ae2-6ecd-4043-8b5a-82414c597036,false,,,1,16bbde86-be42-4588-bf60-d2798fec823b,false,,false,,,,2,16bbde86-be42-4588-bf60-d2798fec823b
33508129-d200-4e51-862c-5983e0e96e50,16bbde86-be42-4588-bf60-d2798fec823b,17,3,2026-09-27T16:42:05.187962+00:00,d4a92ae2-6ecd-4043-8b5a-82414c597036,false,,,1,16bbde86-be42-4588-bf60-d2798fec823b,false,,false,,,,2,16bbde86-be42-4588-bf60-d2798fec823b
8c62052e-844c-40a5-bdf3-a0a6a62a589c,16bbde86-be42-4588-bf60-d2798fec823b,18,3,2026-09-27T16:42:05.187962+00:00,d4a92ae2-6ecd-4043-8b5a-82414c597036,false,,,1,16bbde86-be42-4588-bf60-d2798fec823b,false,,false,,,,2,16bbde86-be42-4588-bf60-d2798fec823b
da7c193e-4da7-4edf-afdd-9a0a5a7aa7d1,84a783cc-96d7-494c-9413-5c6075d22010,15,4,2026-09-27T16:42:05.187962+00:00,d4a92ae2-6ecd-4043-8b5a-82414c597036,false,,,1,84a783cc-96d7-494c-9413-5c6075d22010,false,,false,,,,2,84a783cc-96d7-494c-9413-5c6075d22010
23208d8f-ae68-4d5d-9113-931ad206da0e,84a783cc-96d7-494c-9413-5c6075d22010,16,5,2026-09-27T16:42:05.187962+00:00,d4a92ae2-6ecd-4043-8b5a-82414c597036,false,,,1,84a783cc-96d7-494c-9413-5c6075d22010,false,,false,,,,2,84a783cc-96d7-494c-9413-5c6075d22010
3c44bb93-86a8-4f99-a7a8-4638ce4b5924,84a783cc-96d7-494c-9413-5c6075d22010,17,3,2026-09-27T16:42:05.187962+00:00,d4a92ae2-6ecd-4043-8b5a-82414c597036,false,,,1,84a783cc-96d7-494c-9413-5c6075d22010,false,,false,,,,2,84a783cc-96d7-494c-9413-5c6075d22010
2f3cfb57-6069-45ca-911d-50fb4fdfa208,84a783cc-96d7-494c-9413-5c6075d22010,18,5,2026-09-27T16:42:05.187962+00:00,d4a92ae2-6ecd-4043-8b5a-82414c597036,false,,,1,84a783cc-96d7-494c-9413-5c6075d22010,false,,false,,,,2,84a783cc-96d7-494c-9413-5c6075d22010
dbbb5c8a-29b8-4132-bd32-fab68387e54f,759b9908-b1f9-40b9-aa6e-6f899daf7bf0,1,4,2026-09-27T16:42:05.187962+00:00,d4a92ae2-6ecd-4043-8b5a-82414c597036,false,,,1,759b9908-b1f9-40b9-aa6e-6f899daf7bf0,false,,false,,,,2,759b9908-b1f9-40b9-aa6e-6f899daf7bf0
d2fe5688-16ea-4e55-8080-ac754a2f5088,759b9908-b1f9-40b9-aa6e-6f899daf7bf0,2,4,2026-09-27T16:42:05.187962+00:00,d4a92ae2-6ecd-4043-8b5a-82414c597036,false,,,1,759b9908-b1f9-40b9-aa6e-6f899daf7bf0,false,,false,,,,2,759b9908-b1f9-40b9-aa6e-6f899daf7bf0
43d2e5b3-6c85-4337-8df0-5754ab93834c,759b9908-b1f9-40b9-aa6e-6f899daf7bf0,3,3,2026-09-27T16:42:05.187962+00:00,d4a92ae2-6ecd-4043-8b5a-82414c597036,false,,,1,759b9908-b1f9-40b9-aa6e-6f899daf7bf0,false,,false,,,,2,759b9908-b1f9-40b9-aa6e-6f899daf7bf0
7d5c8e55-20ec-4d64-8337-d561fcc28805,759b9908-b1f9-40b9-aa6e-6f899daf7bf0,4,4,2026-09-27T16:42:05.187962+00:00,d4a92ae2-6ecd-4043-8b5a-82414c597036,false,,,1,759b9908-b1f9-40b9-aa6e-6f899daf7bf0,false,,false,,,,2,759b9908-b1f9-40b9-aa6e-6f899daf7bf0
858700eb-9055-46eb-a60b-c5fa68ad48eb,759b9908-b1f9-40b9-aa6e-6f899daf7bf0,5,4,2026-09-27T16:42:05.187962+00:00,d4a92ae2-6ecd-4043-8b5a-82414c597036,false,,,1,759b9908-b1f9-40b9-aa6e-6f899daf7bf0,false,,false,,,,2,759b9908-b1f9-40b9-aa6e-6f899daf7bf0
9dd3e19a-b819-469f-82ab-16faccddbd05,759b9908-b1f9-40b9-aa6e-6f899daf7bf0,6,5,2026-09-27T16:42:05.187962+00:00,d4a92ae2-6ecd-4043-8b5a-82414c597036,false,,,1,759b9908-b1f9-40b9-aa6e-6f899daf7bf0,false,,false,,,,2,759b9908-b1f9-40b9-aa6e-6f899daf7bf0
5911f3d4-2a7d-4848-968e-863e207879c0,759b9908-b1f9-40b9-aa6e-6f899daf7bf0,7,4,2026-09-27T16:42:05.187962+00:00,d4a92ae2-6ecd-4043-8b5a-82414c597036,false,,,1,759b9908-b1f9-40b9-aa6e-6f899daf7bf0,false,,false,,,,2,759b9908-b1f9-40b9-aa6e-6f899daf7bf0
dc0c92e9-1eee-41ab-b28f-dfd8d3061835,759b9908-b1f9-40b9-aa6e-6f899daf7bf0,8,7,2026-09-27T16:42:05.187962+00:00,d4a92ae2-6ecd-4043-8b5a-82414c597036,false,,,1,759b9908-b1f9-40b9-aa6e-6f899daf7bf0,false,,false,,,,2,759b9908-b1f9-40b9-aa6e-6f899daf7bf0
e41e6753-c785-415b-8e7c-c30e93667355,759b9908-b1f9-40b9-aa6e-6f899daf7bf0,9,5,2026-09-27T16:42:05.187962+00:00,d4a92ae2-6ecd-4043-8b5a-82414c597036,false,,,1,759b9908-b1f9-40b9-aa6e-6f899daf7bf0,false,,false,,,,2,759b9908-b1f9-40b9-aa6e-6f899daf7bf0
678278ff-2c2f-48e1-bdfd-af4760228724,759b9908-b1f9-40b9-aa6e-6f899daf7bf0,10,5,2026-09-27T16:42:05.187962+00:00,d4a92ae2-6ecd-4043-8b5a-82414c597036,false,,,1,759b9908-b1f9-40b9-aa6e-6f899daf7bf0,false,,false,,,,2,759b9908-b1f9-40b9-aa6e-6f899daf7bf0
f7e541e4-8d43-4add-b1d6-1a91691f7121,759b9908-b1f9-40b9-aa6e-6f899daf7bf0,11,6,2026-09-27T16:42:05.187962+00:00,d4a92ae2-6ecd-4043-8b5a-82414c597036,false,,,1,759b9908-b1f9-40b9-aa6e-6f899daf7bf0,false,,false,,,,2,759b9908-b1f9-40b9-aa6e-6f899daf7bf0
be0e6663-91d6-4cd6-8ec4-5052cb5c6835,759b9908-b1f9-40b9-aa6e-6f899daf7bf0,12,4,2026-09-27T16:42:05.187962+00:00,d4a92ae2-6ecd-4043-8b5a-82414c597036,false,,,1,759b9908-b1f9-40b9-aa6e-6f899daf7bf0,false,,false,,,,2,759b9908-b1f9-40b9-aa6e-6f899daf7bf0
9042a29d-a457-464b-9cdf-3f4647766954,759b9908-b1f9-40b9-aa6e-6f899daf7bf0,13,3,2026-09-27T16:42:05.187962+00:00,d4a92ae2-6ecd-4043-8b5a-82414c597036,false,,,1,759b9908-b1f9-40b9-aa6e-6f899daf7bf0,false,,false,,,,2,759b9908-b1f9-40b9-aa6e-6f899daf7bf0
ab8abc09-2731-458a-a524-aeaace664ab8,759b9908-b1f9-40b9-aa6e-6f899daf7bf0,14,6,2026-09-27T16:42:05.187962+00:00,d4a92ae2-6ecd-4043-8b5a-82414c597036,false,,,1,759b9908-b1f9-40b9-aa6e-6f899daf7bf0,false,,false,,,,2,759b9908-b1f9-40b9-aa6e-6f899daf7bf0
1f447bd6-34ce-4719-8ccb-621789942894,759b9908-b1f9-40b9-aa6e-6f899daf7bf0,15,5,2026-09-27T16:42:05.187962+00:00,d4a92ae2-6ecd-4043-8b5a-82414c597036,false,,,1,759b9908-b1f9-40b9-aa6e-6f899daf7bf0,false,,false,,,,2,759b9908-b1f9-40b9-aa6e-6f899daf7bf0
10be0833-b63e-41d2-89f0-9b87a026b140,759b9908-b1f9-40b9-aa6e-6f899daf7bf0,16,3,2026-09-27T16:42:05.187962+00:00,d4a92ae2-6ecd-4043-8b5a-82414c597036,false,,,1,759b9908-b1f9-40b9-aa6e-6f899daf7bf0,false,,false,,,,2,759b9908-b1f9-40b9-aa6e-6f899daf7bf0
39f0ef3f-19a0-4f18-a127-8d28196cfad7,759b9908-b1f9-40b9-aa6e-6f899daf7bf0,17,3,2026-09-27T16:42:05.187962+00:00,d4a92ae2-6ecd-4043-8b5a-82414c597036,false,,,1,759b9908-b1f9-40b9-aa6e-6f899daf7bf0,false,,false,,,,2,759b9908-b1f9-40b9-aa6e-6f899daf7bf0
ee7670ef-ea03-4709-b765-33bc00257250,759b9908-b1f9-40b9-aa6e-6f899daf7bf0,18,5,2026-09-27T16:42:05.187962+00:00,d4a92ae2-6ecd-4043-8b5a-82414c597036,false,,,1,759b9908-b1f9-40b9-aa6e-6f899daf7bf0,false,,false,,,,2,759b9908-b1f9-40b9-aa6e-6f899daf7bf0
b89b1591-df68-438d-a7d9-28321b6c72b3,96b9b1f2-6aa1-4ce3-8602-db8885855df9,3,2,2026-09-27T16:42:05.187962+00:00,d4a92ae2-6ecd-4043-8b5a-82414c597036,false,,,1,96b9b1f2-6aa1-4ce3-8602-db8885855df9,false,,false,,,,2,96b9b1f2-6aa1-4ce3-8602-db8885855df9
0e316759-f99b-42a4-997b-add214e2bb0d,96b9b1f2-6aa1-4ce3-8602-db8885855df9,4,6,2026-09-27T16:42:05.187962+00:00,d4a92ae2-6ecd-4043-8b5a-82414c597036,false,,,1,96b9b1f2-6aa1-4ce3-8602-db8885855df9,false,,false,,,,2,96b9b1f2-6aa1-4ce3-8602-db8885855df9
71cdb650-417e-48a9-8b0c-8b36ae17c60c,08d26a81-b59d-4162-ad72-b07ee5d75c64,2,4,2026-09-27T16:42:05.187962+00:00,d4a92ae2-6ecd-4043-8b5a-82414c597036,false,,,1,08d26a81-b59d-4162-ad72-b07ee5d75c64,false,,false,,,,2,08d26a81-b59d-4162-ad72-b07ee5d75c64
51cd8636-2a20-48ca-9787-43941b25fbac,08d26a81-b59d-4162-ad72-b07ee5d75c64,3,4,2026-09-27T16:42:05.187962+00:00,d4a92ae2-6ecd-4043-8b5a-82414c597036,false,,,1,08d26a81-b59d-4162-ad72-b07ee5d75c64,false,,false,,,,2,08d26a81-b59d-4162-ad72-b07ee5d75c64
073bae78-5593-4b21-b3eb-be56d566bd43,08d26a81-b59d-4162-ad72-b07ee5d75c64,4,4,2026-09-27T16:42:05.187962+00:00,d4a92ae2-6ecd-4043-8b5a-82414c597036,false,,,1,08d26a81-b59d-4162-ad72-b07ee5d75c64,false,,false,,,,2,08d26a81-b59d-4162-ad72-b07ee5d75c64
d0b8b1cf-c16f-40d3-8ae7-e6362aea6c74,08d26a81-b59d-4162-ad72-b07ee5d75c64,5,4,2026-09-27T16:42:05.187962+00:00,d4a92ae2-6ecd-4043-8b5a-82414c597036,false,,,1,08d26a81-b59d-4162-ad72-b07ee5d75c64,false,,false,,,,2,08d26a81-b59d-4162-ad72-b07ee5d75c64
4d20e588-dc8a-4585-b55d-7d12ca7b283e,08d26a81-b59d-4162-ad72-b07ee5d75c64,6,5,2026-09-27T16:42:05.187962+00:00,d4a92ae2-6ecd-4043-8b5a-82414c597036,false,,,1,08d26a81-b59d-4162-ad72-b07ee5d75c64,false,,false,,,,2,08d26a81-b59d-4162-ad72-b07ee5d75c64
9a6e7df4-a0f2-4278-9bb3-234a0ddbb16e,08d26a81-b59d-4162-ad72-b07ee5d75c64,7,6,2026-09-27T16:42:05.187962+00:00,d4a92ae2-6ecd-4043-8b5a-82414c597036,false,,,1,08d26a81-b59d-4162-ad72-b07ee5d75c64,false,,false,,,,2,08d26a81-b59d-4162-ad72-b07ee5d75c64
4a0fd0ac-b19c-4f98-beef-2ae29ec883b4,08d26a81-b59d-4162-ad72-b07ee5d75c64,8,5,2026-09-27T16:42:05.187962+00:00,d4a92ae2-6ecd-4043-8b5a-82414c597036,false,,,1,08d26a81-b59d-4162-ad72-b07ee5d75c64,false,,false,,,,2,08d26a81-b59d-4162-ad72-b07ee5d75c64
569e0109-903e-42aa-89e1-773d63712f3f,08d26a81-b59d-4162-ad72-b07ee5d75c64,9,6,2026-09-27T16:42:05.187962+00:00,d4a92ae2-6ecd-4043-8b5a-82414c597036,false,,,1,08d26a81-b59d-4162-ad72-b07ee5d75c64,false,,false,,,,2,08d26a81-b59d-4162-ad72-b07ee5d75c64
f9cce7c7-b4a0-42f2-9c05-21b7a7fc6254,08d26a81-b59d-4162-ad72-b07ee5d75c64,10,6,2026-09-27T16:42:05.187962+00:00,d4a92ae2-6ecd-4043-8b5a-82414c597036,false,,,1,08d26a81-b59d-4162-ad72-b07ee5d75c64,false,,false,,,,2,08d26a81-b59d-4162-ad72-b07ee5d75c64
73b65d01-4ba0-48ae-b40b-5dbce8d45906,08d26a81-b59d-4162-ad72-b07ee5d75c64,11,5,2026-09-27T16:42:05.187962+00:00,d4a92ae2-6ecd-4043-8b5a-82414c597036,false,,,1,08d26a81-b59d-4162-ad72-b07ee5d75c64,false,,false,,,,2,08d26a81-b59d-4162-ad72-b07ee5d75c64
bdf303bc-27ed-4527-8fdc-8640c300cd65,08d26a81-b59d-4162-ad72-b07ee5d75c64,12,5,2026-09-27T16:42:05.187962+00:00,d4a92ae2-6ecd-4043-8b5a-82414c597036,false,,,1,08d26a81-b59d-4162-ad72-b07ee5d75c64,false,,false,,,,2,08d26a81-b59d-4162-ad72-b07ee5d75c64
a4f6f238-b8e0-4275-8824-f74a69abf12c,08d26a81-b59d-4162-ad72-b07ee5d75c64,13,4,2026-09-27T16:42:05.187962+00:00,d4a92ae2-6ecd-4043-8b5a-82414c597036,false,,,1,08d26a81-b59d-4162-ad72-b07ee5d75c64,false,,false,,,,2,08d26a81-b59d-4162-ad72-b07ee5d75c64
c187a999-e737-4e96-b17b-cf0bc7ef527f,08d26a81-b59d-4162-ad72-b07ee5d75c64,14,5,2026-09-27T16:42:05.187962+00:00,d4a92ae2-6ecd-4043-8b5a-82414c597036,false,,,1,08d26a81-b59d-4162-ad72-b07ee5d75c64,false,,false,,,,2,08d26a81-b59d-4162-ad72-b07ee5d75c64
9330f250-f923-47a6-854c-b37a6fec16b4,08d26a81-b59d-4162-ad72-b07ee5d75c64,15,4,2026-09-27T16:42:05.187962+00:00,d4a92ae2-6ecd-4043-8b5a-82414c597036,false,,,1,08d26a81-b59d-4162-ad72-b07ee5d75c64,false,,false,,,,2,08d26a81-b59d-4162-ad72-b07ee5d75c64
173e7962-e2d3-4497-b788-36e490710cc5,08d26a81-b59d-4162-ad72-b07ee5d75c64,16,5,2026-09-27T16:42:05.187962+00:00,d4a92ae2-6ecd-4043-8b5a-82414c597036,false,,,1,08d26a81-b59d-4162-ad72-b07ee5d75c64,false,,false,,,,2,08d26a81-b59d-4162-ad72-b07ee5d75c64
37499bb0-079e-41b3-8729-39cae8305442,08d26a81-b59d-4162-ad72-b07ee5d75c64,17,4,2026-09-27T16:42:05.187962+00:00,d4a92ae2-6ecd-4043-8b5a-82414c597036,false,,,1,08d26a81-b59d-4162-ad72-b07ee5d75c64,false,,false,,,,2,08d26a81-b59d-4162-ad72-b07ee5d75c64
fa63fa27-19f0-4974-bd01-e9e6a889fb33,08d26a81-b59d-4162-ad72-b07ee5d75c64,18,6,2026-09-27T16:42:05.187962+00:00,d4a92ae2-6ecd-4043-8b5a-82414c597036,false,,,1,08d26a81-b59d-4162-ad72-b07ee5d75c64,false,,false,,,,2,08d26a81-b59d-4162-ad72-b07ee5d75c64
f3e53031-f6f6-4530-b3d2-faf464704314,abd869dc-4fb4-4281-ad1f-d5945e769254,2,6,2026-09-27T16:42:05.187962+00:00,d4a92ae2-6ecd-4043-8b5a-82414c597036,false,,,1,abd869dc-4fb4-4281-ad1f-d5945e769254,false,,false,,,,2,abd869dc-4fb4-4281-ad1f-d5945e769254
135d26c9-7829-4244-be56-06be6dedf16d,fbc1c0c4-2815-4bdb-af5b-c0a7c4ebf642,4,4,2026-09-27T16:42:05.187962+00:00,d4a92ae2-6ecd-4043-8b5a-82414c597036,false,,,1,fbc1c0c4-2815-4bdb-af5b-c0a7c4ebf642,false,,false,,,,2,fbc1c0c4-2815-4bdb-af5b-c0a7c4ebf642
3816af80-b777-4125-9380-8982110ef7eb,fbc1c0c4-2815-4bdb-af5b-c0a7c4ebf642,5,3,2026-09-27T16:42:05.187962+00:00,d4a92ae2-6ecd-4043-8b5a-82414c597036,false,,,1,fbc1c0c4-2815-4bdb-af5b-c0a7c4ebf642,false,,false,,,,2,fbc1c0c4-2815-4bdb-af5b-c0a7c4ebf642
259c2ce2-f484-40e1-a53f-b292e030c23e,fbc1c0c4-2815-4bdb-af5b-c0a7c4ebf642,6,5,2026-09-27T16:42:05.187962+00:00,d4a92ae2-6ecd-4043-8b5a-82414c597036,false,,,1,fbc1c0c4-2815-4bdb-af5b-c0a7c4ebf642,false,,false,,,,2,fbc1c0c4-2815-4bdb-af5b-c0a7c4ebf642
dc194fa5-aae3-434f-91bf-679132ad5f29,fbc1c0c4-2815-4bdb-af5b-c0a7c4ebf642,7,5,2026-09-27T16:42:05.187962+00:00,d4a92ae2-6ecd-4043-8b5a-82414c597036,false,,,1,fbc1c0c4-2815-4bdb-af5b-c0a7c4ebf642,false,,false,,,,2,fbc1c0c4-2815-4bdb-af5b-c0a7c4ebf642
045485e7-50bf-4b94-8417-35f919718958,fbc1c0c4-2815-4bdb-af5b-c0a7c4ebf642,8,4,2026-09-27T16:42:05.187962+00:00,d4a92ae2-6ecd-4043-8b5a-82414c597036,false,,,1,fbc1c0c4-2815-4bdb-af5b-c0a7c4ebf642,false,,false,,,,2,fbc1c0c4-2815-4bdb-af5b-c0a7c4ebf642
3713d074-6bd4-408c-bfbf-aabcff4376da,fbc1c0c4-2815-4bdb-af5b-c0a7c4ebf642,9,3,2026-09-27T16:42:05.187962+00:00,d4a92ae2-6ecd-4043-8b5a-82414c597036,false,,,1,fbc1c0c4-2815-4bdb-af5b-c0a7c4ebf642,false,,false,,,,2,fbc1c0c4-2815-4bdb-af5b-c0a7c4ebf642
c43e8761-1c9e-4dc3-a404-daab355f7040,fbc1c0c4-2815-4bdb-af5b-c0a7c4ebf642,10,5,2026-09-27T16:42:05.187962+00:00,d4a92ae2-6ecd-4043-8b5a-82414c597036,false,,,1,fbc1c0c4-2815-4bdb-af5b-c0a7c4ebf642,false,,false,,,,2,fbc1c0c4-2815-4bdb-af5b-c0a7c4ebf642
3e52d065-492f-4936-84de-8f540ab57f4a,fbc1c0c4-2815-4bdb-af5b-c0a7c4ebf642,11,5,2026-09-27T16:42:05.187962+00:00,d4a92ae2-6ecd-4043-8b5a-82414c597036,false,,,1,fbc1c0c4-2815-4bdb-af5b-c0a7c4ebf642,false,,false,,,,2,fbc1c0c4-2815-4bdb-af5b-c0a7c4ebf642
9fe95ef5-babe-4f29-9a1d-a39fb86fdf3d,fbc1c0c4-2815-4bdb-af5b-c0a7c4ebf642,12,5,2026-09-27T16:42:05.187962+00:00,d4a92ae2-6ecd-4043-8b5a-82414c597036,false,,,1,fbc1c0c4-2815-4bdb-af5b-c0a7c4ebf642,false,,false,,,,2,fbc1c0c4-2815-4bdb-af5b-c0a7c4ebf642
be07e10f-1e4c-475c-818e-83236896db11,fbc1c0c4-2815-4bdb-af5b-c0a7c4ebf642,13,3,2026-09-27T16:42:05.187962+00:00,d4a92ae2-6ecd-4043-8b5a-82414c597036,false,,,1,fbc1c0c4-2815-4bdb-af5b-c0a7c4ebf642,false,,false,,,,2,fbc1c0c4-2815-4bdb-af5b-c0a7c4ebf642
8c9ea67c-1f45-473b-9e60-4553fd7e2efc,fbc1c0c4-2815-4bdb-af5b-c0a7c4ebf642,14,4,2026-09-27T16:42:05.187962+00:00,d4a92ae2-6ecd-4043-8b5a-82414c597036,false,,,1,fbc1c0c4-2815-4bdb-af5b-c0a7c4ebf642,false,,false,,,,2,fbc1c0c4-2815-4bdb-af5b-c0a7c4ebf642
bf00d6b7-1206-4beb-9eda-2864afb3750e,fbc1c0c4-2815-4bdb-af5b-c0a7c4ebf642,15,4,2026-09-27T16:42:05.187962+00:00,d4a92ae2-6ecd-4043-8b5a-82414c597036,false,,,1,fbc1c0c4-2815-4bdb-af5b-c0a7c4ebf642,false,,false,,,,2,fbc1c0c4-2815-4bdb-af5b-c0a7c4ebf642
3894b988-3b5a-4988-a88b-922dbcd99f11,fbc1c0c4-2815-4bdb-af5b-c0a7c4ebf642,16,4,2026-09-27T16:42:05.187962+00:00,d4a92ae2-6ecd-4043-8b5a-82414c597036,false,,,1,fbc1c0c4-2815-4bdb-af5b-c0a7c4ebf642,false,,false,,,,2,fbc1c0c4-2815-4bdb-af5b-c0a7c4ebf642
907e752e-7ebf-4268-9bb5-afb3a6bad0c2,fbc1c0c4-2815-4bdb-af5b-c0a7c4ebf642,17,3,2026-09-27T16:42:05.187962+00:00,d4a92ae2-6ecd-4043-8b5a-82414c597036,false,,,1,fbc1c0c4-2815-4bdb-af5b-c0a7c4ebf642,false,,false,,,,2,fbc1c0c4-2815-4bdb-af5b-c0a7c4ebf642
5658fd5f-18b8-416d-b05f-fabe7938042f,fbc1c0c4-2815-4bdb-af5b-c0a7c4ebf642,18,4,2026-09-27T16:42:05.187962+00:00,d4a92ae2-6ecd-4043-8b5a-82414c597036,false,,,1,fbc1c0c4-2815-4bdb-af5b-c0a7c4ebf642,false,,false,,,,2,fbc1c0c4-2815-4bdb-af5b-c0a7c4ebf642
e0302a42-b9a8-46d8-9b99-4a8d58796333,abd869dc-4fb4-4281-ad1f-d5945e769254,3,4,2026-09-27T16:42:05.187962+00:00,d4a92ae2-6ecd-4043-8b5a-82414c597036,false,,,1,abd869dc-4fb4-4281-ad1f-d5945e769254,false,,false,,,,2,abd869dc-4fb4-4281-ad1f-d5945e769254
29fe9957-a4eb-494d-af42-78649dd20cd5,abd869dc-4fb4-4281-ad1f-d5945e769254,4,4,2026-09-27T16:42:05.187962+00:00,d4a92ae2-6ecd-4043-8b5a-82414c597036,false,,,1,abd869dc-4fb4-4281-ad1f-d5945e769254,false,,false,,,,2,abd869dc-4fb4-4281-ad1f-d5945e769254
1a746f5b-d900-4dab-b32a-32ed61176160,abd869dc-4fb4-4281-ad1f-d5945e769254,5,4,2026-09-27T16:42:05.187962+00:00,d4a92ae2-6ecd-4043-8b5a-82414c597036,false,,,1,abd869dc-4fb4-4281-ad1f-d5945e769254,false,,false,,,,2,abd869dc-4fb4-4281-ad1f-d5945e769254
48be3833-9039-4a4f-ad07-7053908645b5,abd869dc-4fb4-4281-ad1f-d5945e769254,6,6,2026-09-27T16:42:05.187962+00:00,d4a92ae2-6ecd-4043-8b5a-82414c597036,false,,,1,abd869dc-4fb4-4281-ad1f-d5945e769254,false,,false,,,,2,abd869dc-4fb4-4281-ad1f-d5945e769254
e86cb69f-2042-4194-b2d5-393e7afdef23,abd869dc-4fb4-4281-ad1f-d5945e769254,7,5,2026-09-27T16:42:05.187962+00:00,d4a92ae2-6ecd-4043-8b5a-82414c597036,false,,,1,abd869dc-4fb4-4281-ad1f-d5945e769254,false,,false,,,,2,abd869dc-4fb4-4281-ad1f-d5945e769254
6429923e-c584-45e8-94d9-65ed3ddaf143,abd869dc-4fb4-4281-ad1f-d5945e769254,8,5,2026-09-27T16:42:05.187962+00:00,d4a92ae2-6ecd-4043-8b5a-82414c597036,false,,,1,abd869dc-4fb4-4281-ad1f-d5945e769254,false,,false,,,,2,abd869dc-4fb4-4281-ad1f-d5945e769254
949f1f40-aede-42e1-8fa4-0e5adfbcf6c1,abd869dc-4fb4-4281-ad1f-d5945e769254,9,5,2026-09-27T16:42:05.187962+00:00,d4a92ae2-6ecd-4043-8b5a-82414c597036,false,,,1,abd869dc-4fb4-4281-ad1f-d5945e769254,false,,false,,,,2,abd869dc-4fb4-4281-ad1f-d5945e769254
90d7ec64-6b89-4851-9838-a103eb0f00ba,abd869dc-4fb4-4281-ad1f-d5945e769254,10,7,2026-09-27T16:42:05.187962+00:00,d4a92ae2-6ecd-4043-8b5a-82414c597036,false,,,1,abd869dc-4fb4-4281-ad1f-d5945e769254,false,,false,,,,2,abd869dc-4fb4-4281-ad1f-d5945e769254
33d0cccf-7cb3-40e9-98d9-f0555b561b22,abd869dc-4fb4-4281-ad1f-d5945e769254,11,6,2026-09-27T16:42:05.187962+00:00,d4a92ae2-6ecd-4043-8b5a-82414c597036,false,,,1,abd869dc-4fb4-4281-ad1f-d5945e769254,false,,false,,,,2,abd869dc-4fb4-4281-ad1f-d5945e769254
d249ab6a-283c-4ca0-8e85-926c5ee5bc0c,abd869dc-4fb4-4281-ad1f-d5945e769254,12,6,2026-09-27T16:42:05.187962+00:00,d4a92ae2-6ecd-4043-8b5a-82414c597036,false,,,1,abd869dc-4fb4-4281-ad1f-d5945e769254,false,,false,,,,2,abd869dc-4fb4-4281-ad1f-d5945e769254
49a92d13-11e1-4a25-8b4b-e04910d76763,abd869dc-4fb4-4281-ad1f-d5945e769254,13,3,2026-09-27T16:42:05.187962+00:00,d4a92ae2-6ecd-4043-8b5a-82414c597036,false,,,1,abd869dc-4fb4-4281-ad1f-d5945e769254,false,,false,,,,2,abd869dc-4fb4-4281-ad1f-d5945e769254
cc993873-6435-4d20-84ac-85d559abfafa,abd869dc-4fb4-4281-ad1f-d5945e769254,14,4,2026-09-27T16:42:05.187962+00:00,d4a92ae2-6ecd-4043-8b5a-82414c597036,false,,,1,abd869dc-4fb4-4281-ad1f-d5945e769254,false,,false,,,,2,abd869dc-4fb4-4281-ad1f-d5945e769254
d066bf2e-fe19-488a-b372-7bc5f2bf2f73,abd869dc-4fb4-4281-ad1f-d5945e769254,15,5,2026-09-27T16:42:05.187962+00:00,d4a92ae2-6ecd-4043-8b5a-82414c597036,false,,,1,abd869dc-4fb4-4281-ad1f-d5945e769254,false,,false,,,,2,abd869dc-4fb4-4281-ad1f-d5945e769254
2f47600a-73ed-4a41-a385-398dd20eae27,abd869dc-4fb4-4281-ad1f-d5945e769254,16,4,2026-09-27T16:42:05.187962+00:00,d4a92ae2-6ecd-4043-8b5a-82414c597036,false,,,1,abd869dc-4fb4-4281-ad1f-d5945e769254,false,,false,,,,2,abd869dc-4fb4-4281-ad1f-d5945e769254
4df7e9c4-b521-4c5c-9b33-eff3ef82ce5e,abd869dc-4fb4-4281-ad1f-d5945e769254,17,4,2026-09-27T16:42:05.187962+00:00,d4a92ae2-6ecd-4043-8b5a-82414c597036,false,,,1,abd869dc-4fb4-4281-ad1f-d5945e769254,false,,false,,,,2,abd869dc-4fb4-4281-ad1f-d5945e769254
eb95f357-9c94-4e38-80ba-a4f64a787681,abd869dc-4fb4-4281-ad1f-d5945e769254,18,6,2026-09-27T16:42:05.187962+00:00,d4a92ae2-6ecd-4043-8b5a-82414c597036,false,,,1,abd869dc-4fb4-4281-ad1f-d5945e769254,false,,false,,,,2,abd869dc-4fb4-4281-ad1f-d5945e769254
d989f01e-f723-4766-ab8a-4538a745714d,b8d0b9c8-feab-494a-b904-713a3ef84e28,1,6,2026-09-27T16:42:05.187962+00:00,d4a92ae2-6ecd-4043-8b5a-82414c597036,false,,,1,b8d0b9c8-feab-494a-b904-713a3ef84e28,false,,false,,,,2,b8d0b9c8-feab-494a-b904-713a3ef84e28
62de5a3e-fc98-40cc-97e2-2420cf321f59,b8d0b9c8-feab-494a-b904-713a3ef84e28,2,7,2026-09-27T16:42:05.187962+00:00,d4a92ae2-6ecd-4043-8b5a-82414c597036,false,,,1,b8d0b9c8-feab-494a-b904-713a3ef84e28,false,,false,,,,2,b8d0b9c8-feab-494a-b904-713a3ef84e28
988d0549-41ca-4247-b5e4-ec16070b78a8,b8d0b9c8-feab-494a-b904-713a3ef84e28,3,3,2026-09-27T16:42:05.187962+00:00,d4a92ae2-6ecd-4043-8b5a-82414c597036,false,,,1,b8d0b9c8-feab-494a-b904-713a3ef84e28,false,,false,,,,2,b8d0b9c8-feab-494a-b904-713a3ef84e28
112aa58e-c1a5-432a-b761-c6de249f60c2,79fae2cb-e948-49a9-aa44-6bb1d4ea602b,3,3,2026-09-27T16:42:05.187962+00:00,d4a92ae2-6ecd-4043-8b5a-82414c597036,false,,,1,79fae2cb-e948-49a9-aa44-6bb1d4ea602b,false,,false,,,,2,79fae2cb-e948-49a9-aa44-6bb1d4ea602b
988915fd-3bd0-43c8-9161-366d49110bbc,79fae2cb-e948-49a9-aa44-6bb1d4ea602b,4,5,2026-09-27T16:42:05.187962+00:00,d4a92ae2-6ecd-4043-8b5a-82414c597036,false,,,1,79fae2cb-e948-49a9-aa44-6bb1d4ea602b,false,,false,,,,2,79fae2cb-e948-49a9-aa44-6bb1d4ea602b
b840bd50-ccb7-4062-8793-c6e7bc66e429,79fae2cb-e948-49a9-aa44-6bb1d4ea602b,5,3,2026-09-27T16:42:05.187962+00:00,d4a92ae2-6ecd-4043-8b5a-82414c597036,false,,,1,79fae2cb-e948-49a9-aa44-6bb1d4ea602b,false,,false,,,,2,79fae2cb-e948-49a9-aa44-6bb1d4ea602b
0239180e-3266-412b-a8ca-bbd7d68926d2,79fae2cb-e948-49a9-aa44-6bb1d4ea602b,6,4,2026-09-27T16:42:05.187962+00:00,d4a92ae2-6ecd-4043-8b5a-82414c597036,false,,,1,79fae2cb-e948-49a9-aa44-6bb1d4ea602b,false,,false,,,,2,79fae2cb-e948-49a9-aa44-6bb1d4ea602b
740c0463-7a20-43c6-836b-086222c3dbee,79fae2cb-e948-49a9-aa44-6bb1d4ea602b,7,5,2026-09-27T16:42:05.187962+00:00,d4a92ae2-6ecd-4043-8b5a-82414c597036,false,,,1,79fae2cb-e948-49a9-aa44-6bb1d4ea602b,false,,false,,,,2,79fae2cb-e948-49a9-aa44-6bb1d4ea602b
8c72fc9c-842a-4b1e-9180-079237a2746a,0b2be1cc-3241-4cfe-9af6-0b92a5582cec,8,4,2026-09-27T16:42:05.187962+00:00,d4a92ae2-6ecd-4043-8b5a-82414c597036,false,,,1,0b2be1cc-3241-4cfe-9af6-0b92a5582cec,false,,false,,,,2,0b2be1cc-3241-4cfe-9af6-0b92a5582cec
342a317e-f6c0-404c-8ddc-ea8f38bf78e9,0b2be1cc-3241-4cfe-9af6-0b92a5582cec,9,4,2026-09-27T16:42:05.187962+00:00,d4a92ae2-6ecd-4043-8b5a-82414c597036,false,,,1,0b2be1cc-3241-4cfe-9af6-0b92a5582cec,false,,false,,,,2,0b2be1cc-3241-4cfe-9af6-0b92a5582cec
2744625c-d8b4-43ae-aa6a-fd366ff2653e,0b2be1cc-3241-4cfe-9af6-0b92a5582cec,10,5,2026-09-27T16:42:05.187962+00:00,d4a92ae2-6ecd-4043-8b5a-82414c597036,false,,,1,0b2be1cc-3241-4cfe-9af6-0b92a5582cec,false,,false,,,,2,0b2be1cc-3241-4cfe-9af6-0b92a5582cec
05691430-8be2-49d7-a658-da5a6a9c6935,0b2be1cc-3241-4cfe-9af6-0b92a5582cec,11,5,2026-09-27T16:42:05.187962+00:00,d4a92ae2-6ecd-4043-8b5a-82414c597036,false,,,1,0b2be1cc-3241-4cfe-9af6-0b92a5582cec,false,,false,,,,2,0b2be1cc-3241-4cfe-9af6-0b92a5582cec
49ca1c53-ff0d-4d37-9e08-cc6bdf0d584b,0b2be1cc-3241-4cfe-9af6-0b92a5582cec,12,5,2026-09-27T16:42:05.187962+00:00,d4a92ae2-6ecd-4043-8b5a-82414c597036,false,,,1,0b2be1cc-3241-4cfe-9af6-0b92a5582cec,false,,false,,,,2,0b2be1cc-3241-4cfe-9af6-0b92a5582cec
2ee9e96b-6e14-4c26-a585-855d5a87971e,0b2be1cc-3241-4cfe-9af6-0b92a5582cec,13,4,2026-09-27T16:42:05.187962+00:00,d4a92ae2-6ecd-4043-8b5a-82414c597036,false,,,1,0b2be1cc-3241-4cfe-9af6-0b92a5582cec,false,,false,,,,2,0b2be1cc-3241-4cfe-9af6-0b92a5582cec
1df6e4ae-1b5e-4025-96c9-67e160978fd6,0b2be1cc-3241-4cfe-9af6-0b92a5582cec,14,4,2026-09-27T16:42:05.187962+00:00,d4a92ae2-6ecd-4043-8b5a-82414c597036,false,,,1,0b2be1cc-3241-4cfe-9af6-0b92a5582cec,false,,false,,,,2,0b2be1cc-3241-4cfe-9af6-0b92a5582cec
b2f09cb4-897d-4d49-ac71-ba5c8ab59330,0b2be1cc-3241-4cfe-9af6-0b92a5582cec,15,5,2026-09-27T16:42:05.187962+00:00,d4a92ae2-6ecd-4043-8b5a-82414c597036,false,,,1,0b2be1cc-3241-4cfe-9af6-0b92a5582cec,false,,false,,,,2,0b2be1cc-3241-4cfe-9af6-0b92a5582cec
7c0152b9-d99b-4c0e-a6f6-a4bdfafdab3a,0b2be1cc-3241-4cfe-9af6-0b92a5582cec,16,4,2026-09-27T16:42:05.187962+00:00,d4a92ae2-6ecd-4043-8b5a-82414c597036,false,,,1,0b2be1cc-3241-4cfe-9af6-0b92a5582cec,false,,false,,,,2,0b2be1cc-3241-4cfe-9af6-0b92a5582cec
ece83657-216f-447d-9305-1b265e250d60,0b2be1cc-3241-4cfe-9af6-0b92a5582cec,17,4,2026-09-27T16:42:05.187962+00:00,d4a92ae2-6ecd-4043-8b5a-82414c597036,false,,,1,0b2be1cc-3241-4cfe-9af6-0b92a5582cec,false,,false,,,,2,0b2be1cc-3241-4cfe-9af6-0b92a5582cec
f3a1d65d-2b2f-42a3-88e9-55773d6265a6,0b2be1cc-3241-4cfe-9af6-0b92a5582cec,18,4,2026-09-27T16:42:05.187962+00:00,d4a92ae2-6ecd-4043-8b5a-82414c597036,false,,,1,0b2be1cc-3241-4cfe-9af6-0b92a5582cec,false,,false,,,,2,0b2be1cc-3241-4cfe-9af6-0b92a5582cec
1f7ad52a-97d6-4233-bcda-9e0bfff9f1a8,6c31fd00-3f0e-406d-8145-ddca8aad7a11,1,6,2026-09-27T16:42:05.187962+00:00,d4a92ae2-6ecd-4043-8b5a-82414c597036,false,,,1,6c31fd00-3f0e-406d-8145-ddca8aad7a11,false,,false,,,,2,6c31fd00-3f0e-406d-8145-ddca8aad7a11
d33c6a9f-74b1-4f4a-b71d-e0ef6822ead4,6c31fd00-3f0e-406d-8145-ddca8aad7a11,2,5,2026-09-27T16:42:05.187962+00:00,d4a92ae2-6ecd-4043-8b5a-82414c597036,false,,,1,6c31fd00-3f0e-406d-8145-ddca8aad7a11,false,,false,,,,2,6c31fd00-3f0e-406d-8145-ddca8aad7a11
4481764b-050f-409f-a4a4-48dca31e8715,6c31fd00-3f0e-406d-8145-ddca8aad7a11,3,6,2026-09-27T16:42:05.187962+00:00,d4a92ae2-6ecd-4043-8b5a-82414c597036,false,,,1,6c31fd00-3f0e-406d-8145-ddca8aad7a11,false,,false,,,,2,6c31fd00-3f0e-406d-8145-ddca8aad7a11
0dd67f5f-6832-45a6-b31d-86de893d2466,6c31fd00-3f0e-406d-8145-ddca8aad7a11,4,5,2026-09-27T16:42:05.187962+00:00,d4a92ae2-6ecd-4043-8b5a-82414c597036,false,,,1,6c31fd00-3f0e-406d-8145-ddca8aad7a11,false,,false,,,,2,6c31fd00-3f0e-406d-8145-ddca8aad7a11
6ba599cb-c07b-41c5-bb64-9caa5ccd7412,6c31fd00-3f0e-406d-8145-ddca8aad7a11,5,4,2026-09-27T16:42:05.187962+00:00,d4a92ae2-6ecd-4043-8b5a-82414c597036,false,,,1,6c31fd00-3f0e-406d-8145-ddca8aad7a11,false,,false,,,,2,6c31fd00-3f0e-406d-8145-ddca8aad7a11
9f32231b-c509-4b7f-9452-06884ddf2f1c,6c31fd00-3f0e-406d-8145-ddca8aad7a11,6,6,2026-09-27T16:42:05.187962+00:00,d4a92ae2-6ecd-4043-8b5a-82414c597036,false,,,1,6c31fd00-3f0e-406d-8145-ddca8aad7a11,false,,false,,,,2,6c31fd00-3f0e-406d-8145-ddca8aad7a11
7f821fa5-bb29-4a9a-9dd1-79d025491428,6c31fd00-3f0e-406d-8145-ddca8aad7a11,7,5,2026-09-27T16:42:05.187962+00:00,d4a92ae2-6ecd-4043-8b5a-82414c597036,false,,,1,6c31fd00-3f0e-406d-8145-ddca8aad7a11,false,,false,,,,2,6c31fd00-3f0e-406d-8145-ddca8aad7a11
54e79fea-41b5-45db-aeba-addfc91c3856,6c31fd00-3f0e-406d-8145-ddca8aad7a11,8,4,2026-09-27T16:42:05.187962+00:00,d4a92ae2-6ecd-4043-8b5a-82414c597036,false,,,1,6c31fd00-3f0e-406d-8145-ddca8aad7a11,false,,false,,,,2,6c31fd00-3f0e-406d-8145-ddca8aad7a11
8d895a2d-d8a8-45cf-a522-fce93768aa36,6c31fd00-3f0e-406d-8145-ddca8aad7a11,9,6,2026-09-27T16:42:05.187962+00:00,d4a92ae2-6ecd-4043-8b5a-82414c597036,false,,,1,6c31fd00-3f0e-406d-8145-ddca8aad7a11,false,,false,,,,2,6c31fd00-3f0e-406d-8145-ddca8aad7a11
92e7a8f1-4e4a-4b8c-be74-bb0e6ff4aa8b,6c31fd00-3f0e-406d-8145-ddca8aad7a11,10,5,2026-09-27T16:42:05.187962+00:00,d4a92ae2-6ecd-4043-8b5a-82414c597036,false,,,1,6c31fd00-3f0e-406d-8145-ddca8aad7a11,false,,false,,,,2,6c31fd00-3f0e-406d-8145-ddca8aad7a11
ef12e451-5502-4c96-af88-4392846ffca4,6c31fd00-3f0e-406d-8145-ddca8aad7a11,11,5,2026-09-27T16:42:05.187962+00:00,d4a92ae2-6ecd-4043-8b5a-82414c597036,false,,,1,6c31fd00-3f0e-406d-8145-ddca8aad7a11,false,,false,,,,2,6c31fd00-3f0e-406d-8145-ddca8aad7a11
50306600-ccb9-46e5-83b4-18671a16fcfd,6c31fd00-3f0e-406d-8145-ddca8aad7a11,12,6,2026-09-27T16:42:05.187962+00:00,d4a92ae2-6ecd-4043-8b5a-82414c597036,false,,,1,6c31fd00-3f0e-406d-8145-ddca8aad7a11,false,,false,,,,2,6c31fd00-3f0e-406d-8145-ddca8aad7a11
b63a5ba0-bdbd-48f1-ad43-98d8d09d9c8c,6c31fd00-3f0e-406d-8145-ddca8aad7a11,13,3,2026-09-27T16:42:05.187962+00:00,d4a92ae2-6ecd-4043-8b5a-82414c597036,false,,,1,6c31fd00-3f0e-406d-8145-ddca8aad7a11,false,,false,,,,2,6c31fd00-3f0e-406d-8145-ddca8aad7a11
ec2f632c-1d7e-4358-afd3-09bce4b39eb9,6c31fd00-3f0e-406d-8145-ddca8aad7a11,14,5,2026-09-27T16:42:05.187962+00:00,d4a92ae2-6ecd-4043-8b5a-82414c597036,false,,,1,6c31fd00-3f0e-406d-8145-ddca8aad7a11,false,,false,,,,2,6c31fd00-3f0e-406d-8145-ddca8aad7a11
d2f5050f-d929-4e47-b6bb-5f416b63a4cc,6c31fd00-3f0e-406d-8145-ddca8aad7a11,15,4,2026-09-27T16:42:05.187962+00:00,d4a92ae2-6ecd-4043-8b5a-82414c597036,false,,,1,6c31fd00-3f0e-406d-8145-ddca8aad7a11,false,,false,,,,2,6c31fd00-3f0e-406d-8145-ddca8aad7a11
0c90568e-c4e3-46d5-bbfb-4a8fcd4d084f,6c31fd00-3f0e-406d-8145-ddca8aad7a11,16,5,2026-09-27T16:42:05.187962+00:00,d4a92ae2-6ecd-4043-8b5a-82414c597036,false,,,1,6c31fd00-3f0e-406d-8145-ddca8aad7a11,false,,false,,,,2,6c31fd00-3f0e-406d-8145-ddca8aad7a11
1c62e82a-93ae-4319-947e-8e510d2ae620,6c31fd00-3f0e-406d-8145-ddca8aad7a11,17,3,2026-09-27T16:42:05.187962+00:00,d4a92ae2-6ecd-4043-8b5a-82414c597036,false,,,1,6c31fd00-3f0e-406d-8145-ddca8aad7a11,false,,false,,,,2,6c31fd00-3f0e-406d-8145-ddca8aad7a11
b9954a38-0396-4bd1-9b73-888ed8eb97d0,6c31fd00-3f0e-406d-8145-ddca8aad7a11,18,5,2026-09-27T16:42:05.187962+00:00,d4a92ae2-6ecd-4043-8b5a-82414c597036,false,,,1,6c31fd00-3f0e-406d-8145-ddca8aad7a11,false,,false,,,,2,6c31fd00-3f0e-406d-8145-ddca8aad7a11
95b97e49-b8e4-4637-a1a4-861047c832ed,288cb02f-b30e-4cb3-8faf-08f5364d19fc,2,5,2026-09-27T16:42:05.187962+00:00,d4a92ae2-6ecd-4043-8b5a-82414c597036,false,,,1,288cb02f-b30e-4cb3-8faf-08f5364d19fc,false,,false,,,,2,288cb02f-b30e-4cb3-8faf-08f5364d19fc
3b78b371-633e-4bc5-965e-d0ef25febeea,288cb02f-b30e-4cb3-8faf-08f5364d19fc,3,3,2026-09-27T16:42:05.187962+00:00,d4a92ae2-6ecd-4043-8b5a-82414c597036,false,,,1,288cb02f-b30e-4cb3-8faf-08f5364d19fc,false,,false,,,,2,288cb02f-b30e-4cb3-8faf-08f5364d19fc
d8bc75a7-d66a-4f1b-8f69-7c46024b79f7,288cb02f-b30e-4cb3-8faf-08f5364d19fc,4,7,2026-09-27T16:42:05.187962+00:00,d4a92ae2-6ecd-4043-8b5a-82414c597036,false,,,1,288cb02f-b30e-4cb3-8faf-08f5364d19fc,false,,false,,,,2,288cb02f-b30e-4cb3-8faf-08f5364d19fc
0ff8b2a2-da87-40e7-ba02-29b67319af8e,36381ba5-02d8-474e-a058-58b719674b9a,8,7,2026-09-27T16:42:05.187962+00:00,d4a92ae2-6ecd-4043-8b5a-82414c597036,false,,,1,36381ba5-02d8-474e-a058-58b719674b9a,false,,false,,,,2,36381ba5-02d8-474e-a058-58b719674b9a
36253a35-9af1-4621-adea-745b968dedc9,36381ba5-02d8-474e-a058-58b719674b9a,9,5,2026-09-27T16:42:05.187962+00:00,d4a92ae2-6ecd-4043-8b5a-82414c597036,false,,,1,36381ba5-02d8-474e-a058-58b719674b9a,false,,false,,,,2,36381ba5-02d8-474e-a058-58b719674b9a
2ba1f223-55bd-47a7-9272-425b8affead5,f42128ff-96ff-4c07-8ad5-c344d9767135,1,7,2026-09-27T16:42:05.187962+00:00,d4a92ae2-6ecd-4043-8b5a-82414c597036,false,,,1,f42128ff-96ff-4c07-8ad5-c344d9767135,false,,false,,,,2,f42128ff-96ff-4c07-8ad5-c344d9767135
64ce6ac6-8049-4b44-a59b-7d6581273239,f42128ff-96ff-4c07-8ad5-c344d9767135,2,5,2026-09-27T16:42:05.187962+00:00,d4a92ae2-6ecd-4043-8b5a-82414c597036,false,,,1,f42128ff-96ff-4c07-8ad5-c344d9767135,false,,false,,,,2,f42128ff-96ff-4c07-8ad5-c344d9767135
8f519427-a6f0-4ccc-b733-2dd00d990561,60d9add6-17ee-430f-a974-1bc5cfa95c84,5,3,2026-09-27T16:42:05.187962+00:00,d4a92ae2-6ecd-4043-8b5a-82414c597036,false,,,1,60d9add6-17ee-430f-a974-1bc5cfa95c84,false,,false,,,,2,60d9add6-17ee-430f-a974-1bc5cfa95c84
7da1a4eb-da6b-4db2-b3fc-9f001373a549,60d9add6-17ee-430f-a974-1bc5cfa95c84,6,5,2026-09-27T16:42:05.187962+00:00,d4a92ae2-6ecd-4043-8b5a-82414c597036,false,,,1,60d9add6-17ee-430f-a974-1bc5cfa95c84,false,,false,,,,2,60d9add6-17ee-430f-a974-1bc5cfa95c84
5dfb43db-7bb1-465f-9419-dbf9faff3d9e,60d9add6-17ee-430f-a974-1bc5cfa95c84,7,5,2026-09-27T16:42:05.187962+00:00,d4a92ae2-6ecd-4043-8b5a-82414c597036,false,,,1,60d9add6-17ee-430f-a974-1bc5cfa95c84,false,,false,,,,2,60d9add6-17ee-430f-a974-1bc5cfa95c84
b1e0145a-ce36-4151-a28c-a9b50d1805f2,60d9add6-17ee-430f-a974-1bc5cfa95c84,8,4,2026-09-27T16:42:05.187962+00:00,d4a92ae2-6ecd-4043-8b5a-82414c597036,false,,,1,60d9add6-17ee-430f-a974-1bc5cfa95c84,false,,false,,,,2,60d9add6-17ee-430f-a974-1bc5cfa95c84
8e206b7a-70e5-4ed1-9f0d-b5cce03df130,60d9add6-17ee-430f-a974-1bc5cfa95c84,9,6,2026-09-27T16:42:05.187962+00:00,d4a92ae2-6ecd-4043-8b5a-82414c597036,false,,,1,60d9add6-17ee-430f-a974-1bc5cfa95c84,false,,false,,,,2,60d9add6-17ee-430f-a974-1bc5cfa95c84
367996f1-02db-433a-ac6c-0679c4269e8e,7db2cb2f-f9ed-41d0-bbd8-502f7a9a2ff3,7,7,2026-09-27T16:42:05.187962+00:00,d4a92ae2-6ecd-4043-8b5a-82414c597036,false,,,1,7db2cb2f-f9ed-41d0-bbd8-502f7a9a2ff3,false,,false,,,,2,7db2cb2f-f9ed-41d0-bbd8-502f7a9a2ff3
f2f3efd3-128c-4a22-a8b2-6543e4ae56b3,7db2cb2f-f9ed-41d0-bbd8-502f7a9a2ff3,8,7,2026-09-27T16:42:05.187962+00:00,d4a92ae2-6ecd-4043-8b5a-82414c597036,false,,,1,7db2cb2f-f9ed-41d0-bbd8-502f7a9a2ff3,false,,false,,,,2,7db2cb2f-f9ed-41d0-bbd8-502f7a9a2ff3
51eadf59-b881-41a7-85bb-aadc43fe7305,7db2cb2f-f9ed-41d0-bbd8-502f7a9a2ff3,9,5,2026-09-27T16:42:05.187962+00:00,d4a92ae2-6ecd-4043-8b5a-82414c597036,false,,,1,7db2cb2f-f9ed-41d0-bbd8-502f7a9a2ff3,false,,false,,,,2,7db2cb2f-f9ed-41d0-bbd8-502f7a9a2ff3
da719b85-9e28-49ac-936b-44b247ef7c98,b64c96a6-6bd0-461d-9f68-f49865e53db5,1,6,2026-09-27T16:42:05.187962+00:00,d4a92ae2-6ecd-4043-8b5a-82414c597036,false,,,1,b64c96a6-6bd0-461d-9f68-f49865e53db5,false,,false,,,,2,b64c96a6-6bd0-461d-9f68-f49865e53db5
358c6f05-eff8-4a03-8447-7ab451cf3240,50dd6e49-1e4a-41ab-82ca-6d15050216b3,1,8,2026-09-27T16:42:05.187962+00:00,d4a92ae2-6ecd-4043-8b5a-82414c597036,false,,,1,50dd6e49-1e4a-41ab-82ca-6d15050216b3,false,,false,,,,2,50dd6e49-1e4a-41ab-82ca-6d15050216b3
1811bcc8-8311-436f-bd5b-0d5953c50271,50dd6e49-1e4a-41ab-82ca-6d15050216b3,9,7,2026-09-27T16:42:05.187962+00:00,d4a92ae2-6ecd-4043-8b5a-82414c597036,false,,,1,50dd6e49-1e4a-41ab-82ca-6d15050216b3,false,,false,,,,2,50dd6e49-1e4a-41ab-82ca-6d15050216b3
c4edde63-5c5a-4323-a902-4054ee45934b,de28cd8e-9d77-4157-807a-369c938090ab,1,5,2026-09-27T16:42:05.187962+00:00,d4a92ae2-6ecd-4043-8b5a-82414c597036,false,,,1,de28cd8e-9d77-4157-807a-369c938090ab,false,,false,,,,2,de28cd8e-9d77-4157-807a-369c938090ab
392ec31f-6f17-45d9-b1c0-2cde28d5024d,de28cd8e-9d77-4157-807a-369c938090ab,2,4,2026-09-27T16:42:05.187962+00:00,d4a92ae2-6ecd-4043-8b5a-82414c597036,false,,,1,de28cd8e-9d77-4157-807a-369c938090ab,false,,false,,,,2,de28cd8e-9d77-4157-807a-369c938090ab
cc2f9934-101c-4af1-9ada-1bb2de0a585b,de28cd8e-9d77-4157-807a-369c938090ab,3,4,2026-09-27T16:42:05.187962+00:00,d4a92ae2-6ecd-4043-8b5a-82414c597036,false,,,1,de28cd8e-9d77-4157-807a-369c938090ab,false,,false,,,,2,de28cd8e-9d77-4157-807a-369c938090ab
a95bdd21-b7be-4809-ba6f-71ab06dc9f71,de28cd8e-9d77-4157-807a-369c938090ab,4,5,2026-09-27T16:42:05.187962+00:00,d4a92ae2-6ecd-4043-8b5a-82414c597036,false,,,1,de28cd8e-9d77-4157-807a-369c938090ab,false,,false,,,,2,de28cd8e-9d77-4157-807a-369c938090ab
d0e2ed3d-252f-4408-abcf-f49028ba838e,de28cd8e-9d77-4157-807a-369c938090ab,5,3,2026-09-27T16:42:05.187962+00:00,d4a92ae2-6ecd-4043-8b5a-82414c597036,false,,,1,de28cd8e-9d77-4157-807a-369c938090ab,false,,false,,,,2,de28cd8e-9d77-4157-807a-369c938090ab
a061686c-989f-447d-b278-e30e5feeafa7,9fab0351-ea45-4762-a3b9-4d61ef1d99b9,1,8,2026-09-27T16:42:05.187962+00:00,d4a92ae2-6ecd-4043-8b5a-82414c597036,false,,,1,9fab0351-ea45-4762-a3b9-4d61ef1d99b9,false,,false,,,,2,9fab0351-ea45-4762-a3b9-4d61ef1d99b9
30cd9000-6176-4f99-a19a-e43ed24b9c2e,9fab0351-ea45-4762-a3b9-4d61ef1d99b9,2,5,2026-09-27T16:42:05.187962+00:00,d4a92ae2-6ecd-4043-8b5a-82414c597036,false,,,1,9fab0351-ea45-4762-a3b9-4d61ef1d99b9,false,,false,,,,2,9fab0351-ea45-4762-a3b9-4d61ef1d99b9
26685306-9fa8-43c8-9ef8-530cd1e13df6,9fab0351-ea45-4762-a3b9-4d61ef1d99b9,3,3,2026-09-27T16:42:05.187962+00:00,d4a92ae2-6ecd-4043-8b5a-82414c597036,false,,,1,9fab0351-ea45-4762-a3b9-4d61ef1d99b9,false,,false,,,,2,9fab0351-ea45-4762-a3b9-4d61ef1d99b9
c54bc035-9b1b-4f97-824f-b193468668dd,9fab0351-ea45-4762-a3b9-4d61ef1d99b9,4,4,2026-09-27T16:42:05.187962+00:00,d4a92ae2-6ecd-4043-8b5a-82414c597036,false,,,1,9fab0351-ea45-4762-a3b9-4d61ef1d99b9,false,,false,,,,2,9fab0351-ea45-4762-a3b9-4d61ef1d99b9
254b714d-f631-4cdd-8f9d-64d2657a4e7e,9fab0351-ea45-4762-a3b9-4d61ef1d99b9,5,5,2026-09-27T16:42:05.187962+00:00,d4a92ae2-6ecd-4043-8b5a-82414c597036,false,,,1,9fab0351-ea45-4762-a3b9-4d61ef1d99b9,false,,false,,,,2,9fab0351-ea45-4762-a3b9-4d61ef1d99b9
d6cd2cfe-987a-4d38-a1f3-615f22f021bf,9fab0351-ea45-4762-a3b9-4d61ef1d99b9,6,6,2026-09-27T16:42:05.187962+00:00,d4a92ae2-6ecd-4043-8b5a-82414c597036,false,,,1,9fab0351-ea45-4762-a3b9-4d61ef1d99b9,false,,false,,,,2,9fab0351-ea45-4762-a3b9-4d61ef1d99b9
04d2df70-20f4-4d4c-a74d-335a231484b1,9fab0351-ea45-4762-a3b9-4d61ef1d99b9,7,5,2026-09-27T16:42:05.187962+00:00,d4a92ae2-6ecd-4043-8b5a-82414c597036,false,,,1,9fab0351-ea45-4762-a3b9-4d61ef1d99b9,false,,false,,,,2,9fab0351-ea45-4762-a3b9-4d61ef1d99b9
7b6de737-fc75-41a7-bd6a-8ddc1d93663d,9fab0351-ea45-4762-a3b9-4d61ef1d99b9,8,4,2026-09-27T16:42:05.187962+00:00,d4a92ae2-6ecd-4043-8b5a-82414c597036,false,,,1,9fab0351-ea45-4762-a3b9-4d61ef1d99b9,false,,false,,,,2,9fab0351-ea45-4762-a3b9-4d61ef1d99b9
c009295d-5617-4b15-8c21-4be908317adb,9fab0351-ea45-4762-a3b9-4d61ef1d99b9,9,8,2026-09-27T16:42:05.187962+00:00,d4a92ae2-6ecd-4043-8b5a-82414c597036,false,,,1,9fab0351-ea45-4762-a3b9-4d61ef1d99b9,false,,false,,,,2,9fab0351-ea45-4762-a3b9-4d61ef1d99b9
4acbd254-7a9d-4368-9a8a-b466a55c0b27,9fab0351-ea45-4762-a3b9-4d61ef1d99b9,10,6,2026-09-27T16:42:05.187962+00:00,d4a92ae2-6ecd-4043-8b5a-82414c597036,false,,,1,9fab0351-ea45-4762-a3b9-4d61ef1d99b9,false,,false,,,,2,9fab0351-ea45-4762-a3b9-4d61ef1d99b9
01a3a083-c2f5-4478-9c46-9924fdb0edd6,9fab0351-ea45-4762-a3b9-4d61ef1d99b9,11,5,2026-09-27T16:42:05.187962+00:00,d4a92ae2-6ecd-4043-8b5a-82414c597036,false,,,1,9fab0351-ea45-4762-a3b9-4d61ef1d99b9,false,,false,,,,2,9fab0351-ea45-4762-a3b9-4d61ef1d99b9
bd67c4cf-8414-4eae-b90d-2d65a6aa1028,9fab0351-ea45-4762-a3b9-4d61ef1d99b9,12,4,2026-09-27T16:42:05.187962+00:00,d4a92ae2-6ecd-4043-8b5a-82414c597036,false,,,1,9fab0351-ea45-4762-a3b9-4d61ef1d99b9,false,,false,,,,2,9fab0351-ea45-4762-a3b9-4d61ef1d99b9
312cbf35-99bc-4e5c-99d0-470f8af6a958,9fab0351-ea45-4762-a3b9-4d61ef1d99b9,13,4,2026-09-27T16:42:05.187962+00:00,d4a92ae2-6ecd-4043-8b5a-82414c597036,false,,,1,9fab0351-ea45-4762-a3b9-4d61ef1d99b9,false,,false,,,,2,9fab0351-ea45-4762-a3b9-4d61ef1d99b9
88b08e7f-6f43-4603-ae03-fff4ecf55c2c,9fab0351-ea45-4762-a3b9-4d61ef1d99b9,14,4,2026-09-27T16:42:05.187962+00:00,d4a92ae2-6ecd-4043-8b5a-82414c597036,false,,,1,9fab0351-ea45-4762-a3b9-4d61ef1d99b9,false,,false,,,,2,9fab0351-ea45-4762-a3b9-4d61ef1d99b9
332c4284-fcd4-496c-9a80-68f5124333a2,9fab0351-ea45-4762-a3b9-4d61ef1d99b9,15,6,2026-09-27T16:42:05.187962+00:00,d4a92ae2-6ecd-4043-8b5a-82414c597036,false,,,1,9fab0351-ea45-4762-a3b9-4d61ef1d99b9,false,,false,,,,2,9fab0351-ea45-4762-a3b9-4d61ef1d99b9
71e350a7-7732-4f5d-aea3-36be88540fb4,9fab0351-ea45-4762-a3b9-4d61ef1d99b9,16,4,2026-09-27T16:42:05.187962+00:00,d4a92ae2-6ecd-4043-8b5a-82414c597036,false,,,1,9fab0351-ea45-4762-a3b9-4d61ef1d99b9,false,,false,,,,2,9fab0351-ea45-4762-a3b9-4d61ef1d99b9
b98b52e9-1db6-4ccf-8ea5-3ab2dd10a3d7,9fab0351-ea45-4762-a3b9-4d61ef1d99b9,17,3,2026-09-27T16:42:05.187962+00:00,d4a92ae2-6ecd-4043-8b5a-82414c597036,false,,,1,9fab0351-ea45-4762-a3b9-4d61ef1d99b9,false,,false,,,,2,9fab0351-ea45-4762-a3b9-4d61ef1d99b9
55336206-bfc6-4253-b8b4-7e1c0d76a13f,9fab0351-ea45-4762-a3b9-4d61ef1d99b9,18,4,2026-09-27T16:42:05.187962+00:00,d4a92ae2-6ecd-4043-8b5a-82414c597036,false,,,1,9fab0351-ea45-4762-a3b9-4d61ef1d99b9,false,,false,,,,2,9fab0351-ea45-4762-a3b9-4d61ef1d99b9
f0a83ec2-d800-4c69-946b-bdc3e3d37fe9,288cb02f-b30e-4cb3-8faf-08f5364d19fc,5,4,2026-09-27T16:42:05.187962+00:00,d4a92ae2-6ecd-4043-8b5a-82414c597036,false,,,1,288cb02f-b30e-4cb3-8faf-08f5364d19fc,false,,false,,,,2,288cb02f-b30e-4cb3-8faf-08f5364d19fc
d35a2495-baf4-4f2d-8993-79d0423be9dc,288cb02f-b30e-4cb3-8faf-08f5364d19fc,6,8,2026-09-27T16:42:05.187962+00:00,d4a92ae2-6ecd-4043-8b5a-82414c597036,false,,,1,288cb02f-b30e-4cb3-8faf-08f5364d19fc,false,,false,,,,2,288cb02f-b30e-4cb3-8faf-08f5364d19fc
bceed7a2-8277-4070-bfba-f5eb802918bb,288cb02f-b30e-4cb3-8faf-08f5364d19fc,7,5,2026-09-27T16:42:05.187962+00:00,d4a92ae2-6ecd-4043-8b5a-82414c597036,false,,,1,288cb02f-b30e-4cb3-8faf-08f5364d19fc,false,,false,,,,2,288cb02f-b30e-4cb3-8faf-08f5364d19fc
b9590a5d-397d-44e8-8dc3-d47020ad9460,288cb02f-b30e-4cb3-8faf-08f5364d19fc,8,6,2026-09-27T16:42:05.187962+00:00,d4a92ae2-6ecd-4043-8b5a-82414c597036,false,,,1,288cb02f-b30e-4cb3-8faf-08f5364d19fc,false,,false,,,,2,288cb02f-b30e-4cb3-8faf-08f5364d19fc
158c4eb1-cb24-47eb-aed5-40fc2795b44e,288cb02f-b30e-4cb3-8faf-08f5364d19fc,9,6,2026-09-27T16:42:05.187962+00:00,d4a92ae2-6ecd-4043-8b5a-82414c597036,false,,,1,288cb02f-b30e-4cb3-8faf-08f5364d19fc,false,,false,,,,2,288cb02f-b30e-4cb3-8faf-08f5364d19fc
e266b54e-c2e6-4f6e-b126-7e3bb893df44,288cb02f-b30e-4cb3-8faf-08f5364d19fc,10,8,2026-09-27T16:42:05.187962+00:00,d4a92ae2-6ecd-4043-8b5a-82414c597036,false,,,1,288cb02f-b30e-4cb3-8faf-08f5364d19fc,false,,false,,,,2,288cb02f-b30e-4cb3-8faf-08f5364d19fc
becec640-4221-4f85-8be0-88670e19dbe2,288cb02f-b30e-4cb3-8faf-08f5364d19fc,11,7,2026-09-27T16:42:05.187962+00:00,d4a92ae2-6ecd-4043-8b5a-82414c597036,false,,,1,288cb02f-b30e-4cb3-8faf-08f5364d19fc,false,,false,,,,2,288cb02f-b30e-4cb3-8faf-08f5364d19fc
1acc80eb-4591-4dae-ba04-ebd15fdb0593,288cb02f-b30e-4cb3-8faf-08f5364d19fc,12,5,2026-09-27T16:42:05.187962+00:00,d4a92ae2-6ecd-4043-8b5a-82414c597036,false,,,1,288cb02f-b30e-4cb3-8faf-08f5364d19fc,false,,false,,,,2,288cb02f-b30e-4cb3-8faf-08f5364d19fc
f9437e4d-93c4-4775-bdc8-a7fbf730682d,288cb02f-b30e-4cb3-8faf-08f5364d19fc,13,4,2026-09-27T16:42:05.187962+00:00,d4a92ae2-6ecd-4043-8b5a-82414c597036,false,,,1,288cb02f-b30e-4cb3-8faf-08f5364d19fc,false,,false,,,,2,288cb02f-b30e-4cb3-8faf-08f5364d19fc
1550d528-cae4-401c-be27-da8bf03300df,288cb02f-b30e-4cb3-8faf-08f5364d19fc,14,5,2026-09-27T16:42:05.187962+00:00,d4a92ae2-6ecd-4043-8b5a-82414c597036,false,,,1,288cb02f-b30e-4cb3-8faf-08f5364d19fc,false,,false,,,,2,288cb02f-b30e-4cb3-8faf-08f5364d19fc
d1de4b58-53d0-49d4-be87-68043c9c7aaa,288cb02f-b30e-4cb3-8faf-08f5364d19fc,15,5,2026-09-27T16:42:05.187962+00:00,d4a92ae2-6ecd-4043-8b5a-82414c597036,false,,,1,288cb02f-b30e-4cb3-8faf-08f5364d19fc,false,,false,,,,2,288cb02f-b30e-4cb3-8faf-08f5364d19fc
6abb953d-ed77-4646-8aba-10e84fbf9c91,288cb02f-b30e-4cb3-8faf-08f5364d19fc,16,6,2026-09-27T16:42:05.187962+00:00,d4a92ae2-6ecd-4043-8b5a-82414c597036,false,,,1,288cb02f-b30e-4cb3-8faf-08f5364d19fc,false,,false,,,,2,288cb02f-b30e-4cb3-8faf-08f5364d19fc
6185ee5b-d329-452b-bae2-1cfe38800004,288cb02f-b30e-4cb3-8faf-08f5364d19fc,17,4,2026-09-27T16:42:05.187962+00:00,d4a92ae2-6ecd-4043-8b5a-82414c597036,false,,,1,288cb02f-b30e-4cb3-8faf-08f5364d19fc,false,,false,,,,2,288cb02f-b30e-4cb3-8faf-08f5364d19fc
666da432-b478-43f5-8fd6-e4f4bcb5eb01,288cb02f-b30e-4cb3-8faf-08f5364d19fc,18,6,2026-09-27T16:42:05.187962+00:00,d4a92ae2-6ecd-4043-8b5a-82414c597036,false,,,1,288cb02f-b30e-4cb3-8faf-08f5364d19fc,false,,false,,,,2,288cb02f-b30e-4cb3-8faf-08f5364d19fc
04423a78-b42a-4daa-852b-2b53fde8e607,7db2cb2f-f9ed-41d0-bbd8-502f7a9a2ff3,5,3,2026-09-27T16:42:05.187962+00:00,d4a92ae2-6ecd-4043-8b5a-82414c597036,false,,,1,7db2cb2f-f9ed-41d0-bbd8-502f7a9a2ff3,false,,false,,,,2,7db2cb2f-f9ed-41d0-bbd8-502f7a9a2ff3
f4eab501-bcdb-44ad-b9cf-a9d5ee5aa625,10f1afa0-aa58-4b13-8d05-4e0b8e462e5f,1,5,2026-09-27T16:42:05.187962+00:00,d4a92ae2-6ecd-4043-8b5a-82414c597036,false,,,1,10f1afa0-aa58-4b13-8d05-4e0b8e462e5f,false,,false,,,,2,10f1afa0-aa58-4b13-8d05-4e0b8e462e5f
b6889fa1-728e-409d-b21b-5338e6286907,10f1afa0-aa58-4b13-8d05-4e0b8e462e5f,2,4,2026-09-27T16:42:05.187962+00:00,d4a92ae2-6ecd-4043-8b5a-82414c597036,false,,,1,10f1afa0-aa58-4b13-8d05-4e0b8e462e5f,false,,false,,,,2,10f1afa0-aa58-4b13-8d05-4e0b8e462e5f
79877c0e-86f3-42e5-9991-11da38761fba,10f1afa0-aa58-4b13-8d05-4e0b8e462e5f,3,3,2026-09-27T16:42:05.187962+00:00,d4a92ae2-6ecd-4043-8b5a-82414c597036,false,,,1,10f1afa0-aa58-4b13-8d05-4e0b8e462e5f,false,,false,,,,2,10f1afa0-aa58-4b13-8d05-4e0b8e462e5f
207de325-fe59-4f34-9b62-b3c5390dde63,10f1afa0-aa58-4b13-8d05-4e0b8e462e5f,4,4,2026-09-27T16:42:05.187962+00:00,d4a92ae2-6ecd-4043-8b5a-82414c597036,false,,,1,10f1afa0-aa58-4b13-8d05-4e0b8e462e5f,false,,false,,,,2,10f1afa0-aa58-4b13-8d05-4e0b8e462e5f
066f163f-d7dc-435a-9cc7-01f9d2e90dc1,10f1afa0-aa58-4b13-8d05-4e0b8e462e5f,5,2,2026-09-27T16:42:05.187962+00:00,d4a92ae2-6ecd-4043-8b5a-82414c597036,false,,,1,10f1afa0-aa58-4b13-8d05-4e0b8e462e5f,false,,false,,,,2,10f1afa0-aa58-4b13-8d05-4e0b8e462e5f
526cd4a1-2bc9-4d0f-888e-e50c6af6515a,10f1afa0-aa58-4b13-8d05-4e0b8e462e5f,6,6,2026-09-27T16:42:05.187962+00:00,d4a92ae2-6ecd-4043-8b5a-82414c597036,false,,,1,10f1afa0-aa58-4b13-8d05-4e0b8e462e5f,false,,false,,,,2,10f1afa0-aa58-4b13-8d05-4e0b8e462e5f
6971cd1d-56bc-4647-95ba-7d61b9eb3658,10f1afa0-aa58-4b13-8d05-4e0b8e462e5f,7,4,2026-09-27T16:42:05.187962+00:00,d4a92ae2-6ecd-4043-8b5a-82414c597036,false,,,1,10f1afa0-aa58-4b13-8d05-4e0b8e462e5f,false,,false,,,,2,10f1afa0-aa58-4b13-8d05-4e0b8e462e5f
62690864-80f3-4800-8429-e153f4a2afef,10f1afa0-aa58-4b13-8d05-4e0b8e462e5f,8,4,2026-09-27T16:42:05.187962+00:00,d4a92ae2-6ecd-4043-8b5a-82414c597036,false,,,1,10f1afa0-aa58-4b13-8d05-4e0b8e462e5f,false,,false,,,,2,10f1afa0-aa58-4b13-8d05-4e0b8e462e5f
81079ad7-d8ab-4cc7-b0c0-0003467163c2,10f1afa0-aa58-4b13-8d05-4e0b8e462e5f,9,5,2026-09-27T16:42:05.187962+00:00,d4a92ae2-6ecd-4043-8b5a-82414c597036,false,,,1,10f1afa0-aa58-4b13-8d05-4e0b8e462e5f,false,,false,,,,2,10f1afa0-aa58-4b13-8d05-4e0b8e462e5f
374f0cdc-907c-4a28-82fd-20d2e05cd605,10f1afa0-aa58-4b13-8d05-4e0b8e462e5f,10,5,2026-09-27T16:42:05.187962+00:00,d4a92ae2-6ecd-4043-8b5a-82414c597036,false,,,1,10f1afa0-aa58-4b13-8d05-4e0b8e462e5f,false,,false,,,,2,10f1afa0-aa58-4b13-8d05-4e0b8e462e5f
5329e2fe-59bd-4c67-a20e-1d74f00bf73c,10f1afa0-aa58-4b13-8d05-4e0b8e462e5f,11,5,2026-09-27T16:42:05.187962+00:00,d4a92ae2-6ecd-4043-8b5a-82414c597036,false,,,1,10f1afa0-aa58-4b13-8d05-4e0b8e462e5f,false,,false,,,,2,10f1afa0-aa58-4b13-8d05-4e0b8e462e5f
a8b8f540-9920-494d-9c12-fc0bce16e813,10f1afa0-aa58-4b13-8d05-4e0b8e462e5f,12,4,2026-09-27T16:42:05.187962+00:00,d4a92ae2-6ecd-4043-8b5a-82414c597036,false,,,1,10f1afa0-aa58-4b13-8d05-4e0b8e462e5f,false,,false,,,,2,10f1afa0-aa58-4b13-8d05-4e0b8e462e5f
a2edae90-6488-4233-be35-15b8fa2c0fe3,10f1afa0-aa58-4b13-8d05-4e0b8e462e5f,13,2,2026-09-27T16:42:05.187962+00:00,d4a92ae2-6ecd-4043-8b5a-82414c597036,false,,,1,10f1afa0-aa58-4b13-8d05-4e0b8e462e5f,false,,false,,,,2,10f1afa0-aa58-4b13-8d05-4e0b8e462e5f
3b009b64-2107-42d1-ab6a-d8f0f3967a14,10f1afa0-aa58-4b13-8d05-4e0b8e462e5f,14,4,2026-09-27T16:42:05.187962+00:00,d4a92ae2-6ecd-4043-8b5a-82414c597036,false,,,1,10f1afa0-aa58-4b13-8d05-4e0b8e462e5f,false,,false,,,,2,10f1afa0-aa58-4b13-8d05-4e0b8e462e5f
988586fb-a6bb-43b7-8a97-fc4ed040d3ea,10f1afa0-aa58-4b13-8d05-4e0b8e462e5f,15,4,2026-09-27T16:42:05.187962+00:00,d4a92ae2-6ecd-4043-8b5a-82414c597036,false,,,1,10f1afa0-aa58-4b13-8d05-4e0b8e462e5f,false,,false,,,,2,10f1afa0-aa58-4b13-8d05-4e0b8e462e5f
5c5d1436-78f8-4068-9a00-dd8cee08929f,10f1afa0-aa58-4b13-8d05-4e0b8e462e5f,16,4,2026-09-27T16:42:05.187962+00:00,d4a92ae2-6ecd-4043-8b5a-82414c597036,false,,,1,10f1afa0-aa58-4b13-8d05-4e0b8e462e5f,false,,false,,,,2,10f1afa0-aa58-4b13-8d05-4e0b8e462e5f
1fe47218-0cf3-4218-a2d8-844d80a37ced,10f1afa0-aa58-4b13-8d05-4e0b8e462e5f,17,3,2026-09-27T16:42:05.187962+00:00,d4a92ae2-6ecd-4043-8b5a-82414c597036,false,,,1,10f1afa0-aa58-4b13-8d05-4e0b8e462e5f,false,,false,,,,2,10f1afa0-aa58-4b13-8d05-4e0b8e462e5f
b6c7940a-346d-429c-b356-e8a0ee783946,10f1afa0-aa58-4b13-8d05-4e0b8e462e5f,18,4,2026-09-27T16:42:05.187962+00:00,d4a92ae2-6ecd-4043-8b5a-82414c597036,false,,,1,10f1afa0-aa58-4b13-8d05-4e0b8e462e5f,false,,false,,,,2,10f1afa0-aa58-4b13-8d05-4e0b8e462e5f
7be74d7b-b16e-43d7-8218-ec573cd6efed,84a783cc-96d7-494c-9413-5c6075d22010,4,4,2026-09-27T16:42:05.187962+00:00,d4a92ae2-6ecd-4043-8b5a-82414c597036,false,,,1,84a783cc-96d7-494c-9413-5c6075d22010,false,,false,,,,2,84a783cc-96d7-494c-9413-5c6075d22010
98611c47-5056-47d0-a24f-8cfb539183cf,84a783cc-96d7-494c-9413-5c6075d22010,5,4,2026-09-27T16:42:05.187962+00:00,d4a92ae2-6ecd-4043-8b5a-82414c597036,false,,,1,84a783cc-96d7-494c-9413-5c6075d22010,false,,false,,,,2,84a783cc-96d7-494c-9413-5c6075d22010
e32f508d-f568-43cd-be94-a8b3ef4c511b,84a783cc-96d7-494c-9413-5c6075d22010,6,5,2026-09-27T16:42:05.187962+00:00,d4a92ae2-6ecd-4043-8b5a-82414c597036,false,,,1,84a783cc-96d7-494c-9413-5c6075d22010,false,,false,,,,2,84a783cc-96d7-494c-9413-5c6075d22010
8c96e95d-17df-436c-9b64-2cdff0b606d4,84a783cc-96d7-494c-9413-5c6075d22010,7,5,2026-09-27T16:42:05.187962+00:00,d4a92ae2-6ecd-4043-8b5a-82414c597036,false,,,1,84a783cc-96d7-494c-9413-5c6075d22010,false,,false,,,,2,84a783cc-96d7-494c-9413-5c6075d22010
95bd8a49-340b-49e0-b8d2-3a3fe2c14869,84a783cc-96d7-494c-9413-5c6075d22010,8,6,2026-09-27T16:42:05.187962+00:00,d4a92ae2-6ecd-4043-8b5a-82414c597036,false,,,1,84a783cc-96d7-494c-9413-5c6075d22010,false,,false,,,,2,84a783cc-96d7-494c-9413-5c6075d22010
2d57c98e-e00d-46d4-a777-8d46c1e76ad6,84a783cc-96d7-494c-9413-5c6075d22010,9,4,2026-09-27T16:42:05.187962+00:00,d4a92ae2-6ecd-4043-8b5a-82414c597036,false,,,1,84a783cc-96d7-494c-9413-5c6075d22010,false,,false,,,,2,84a783cc-96d7-494c-9413-5c6075d22010
5772b5b1-d85e-4232-a04c-92e218a4e821,84a783cc-96d7-494c-9413-5c6075d22010,10,5,2026-09-27T16:42:05.187962+00:00,d4a92ae2-6ecd-4043-8b5a-82414c597036,false,,,1,84a783cc-96d7-494c-9413-5c6075d22010,false,,false,,,,2,84a783cc-96d7-494c-9413-5c6075d22010
3e353855-3104-4ed3-9c4d-7dbdc82b2d2f,84a783cc-96d7-494c-9413-5c6075d22010,11,4,2026-09-27T16:42:05.187962+00:00,d4a92ae2-6ecd-4043-8b5a-82414c597036,false,,,1,84a783cc-96d7-494c-9413-5c6075d22010,false,,false,,,,2,84a783cc-96d7-494c-9413-5c6075d22010
cf8a16b2-7a40-45f7-a57e-07dd05b6a8a6,84a783cc-96d7-494c-9413-5c6075d22010,12,3,2026-09-27T16:42:05.187962+00:00,d4a92ae2-6ecd-4043-8b5a-82414c597036,false,,,1,84a783cc-96d7-494c-9413-5c6075d22010,false,,false,,,,2,84a783cc-96d7-494c-9413-5c6075d22010
be545c69-388f-4d06-a826-f421c0eb2b98,84a783cc-96d7-494c-9413-5c6075d22010,13,3,2026-09-27T16:42:05.187962+00:00,d4a92ae2-6ecd-4043-8b5a-82414c597036,false,,,1,84a783cc-96d7-494c-9413-5c6075d22010,false,,false,,,,2,84a783cc-96d7-494c-9413-5c6075d22010
a22f7a55-11ae-45bd-b783-1602de17278a,84a783cc-96d7-494c-9413-5c6075d22010,14,5,2026-09-27T16:42:05.187962+00:00,d4a92ae2-6ecd-4043-8b5a-82414c597036,false,,,1,84a783cc-96d7-494c-9413-5c6075d22010,false,,false,,,,2,84a783cc-96d7-494c-9413-5c6075d22010
